INFO:tensorflow:IInfo: 1493754529.529330 0.000000 0.078460 118910.718506

INFO:tensorflow:IInfo: 1493754662.669411 1.000000 0.633560 49729.570068

INFO:tensorflow:IInfo: 1493754795.462875 2.000000 0.743100 36184.359192

INFO:tensorflow:IInfo: 1493754928.330650 3.000000 0.796320 29253.143555

INFO:tensorflow:IInfo: 1493755061.147700 4.000000 0.832100 24479.411804

INFO:tensorflow:IInfo: 1493755194.053196 5.000000 0.853420 21632.056396

INFO:tensorflow:IInfo: 1493755326.951665 6.000000 0.859060 20171.443329

INFO:tensorflow:IInfo: 1493755459.670159 7.000000 0.876220 18031.290771

INFO:tensorflow:IInfo: 1493755592.660771 8.000000 0.902160 14536.167145

INFO:tensorflow:IInfo: 1493755725.937258 9.000000 0.912200 12944.300186

INFO:tensorflow:IInfo: 1493755858.956485 10.000000 0.897200 14686.300217

INFO:tensorflow:IInfo: 1493755991.871981 11.000000 0.931980 10233.230515

INFO:tensorflow:IInfo: 1493756124.982175 12.000000 0.934320 9610.505638

INFO:tensorflow:IInfo: 1493756258.235208 13.000000 0.911400 12345.474945

INFO:tensorflow:IInfo: 1493756391.693110 14.000000 0.954100 6783.202953

INFO:tensorflow:IInfo: 1493756524.939898 15.000000 0.948880 7475.715446

INFO:tensorflow:IInfo: 1493756658.105048 16.000000 0.958320 5987.605732

INFO:tensorflow:IInfo: 1493756791.402271 17.000000 0.964260 5333.303917

INFO:tensorflow:IInfo: 1493756924.872889 18.000000 0.965300 5129.844200

INFO:tensorflow:IInfo: 1493757058.625360 19.000000 0.961860 5306.826256

INFO:tensorflow:IInfo: 1493757192.310760 20.000000 0.973900 4043.425190

INFO:tensorflow:IInfo: 1493757326.212858 21.000000 0.970720 4284.168465

INFO:tensorflow:IInfo: 1493757459.699953 22.000000 0.981020 2908.260647

INFO:tensorflow:IInfo: 1493757593.837898 23.000000 0.977640 3442.846918

INFO:tensorflow:IInfo: 1493757727.576473 24.000000 0.979260 2997.699936

INFO:tensorflow:IInfo: 1493757861.996915 25.000000 0.985840 2251.388465

INFO:tensorflow:IInfo: 1493757995.519812 26.000000 0.986640 2077.992767

INFO:tensorflow:IInfo: 1493758129.364891 27.000000 0.984320 2371.588018

INFO:tensorflow:IInfo: 1493758264.153809 28.000000 0.980480 2753.597881

INFO:tensorflow:IInfo: 1493758397.945905 29.000000 0.991320 1388.859178

INFO:tensorflow:IInfo: 1493758531.908511 30.000000 0.987560 1842.092875

INFO:tensorflow:IInfo: 1493758666.796817 31.000000 0.993220 1110.303963

INFO:tensorflow:IInfo: 1493758800.772167 32.000000 0.996120 771.705893

