INFO:tensorflow:IInfo: 1493726389.971413 0.000000 0.074620 118999.044189

INFO:tensorflow:IInfo: 1493726476.295528 1.003520 0.383460 84118.973755

INFO:tensorflow:IInfo: 1493726561.487115 2.007040 0.486180 70994.117554

INFO:tensorflow:IInfo: 1493726647.412184 3.010560 0.563460 60571.912720

INFO:tensorflow:IInfo: 1493726733.002830 4.014080 0.579740 57472.155884

INFO:tensorflow:IInfo: 1493726818.572921 5.017600 0.632140 51533.379028

INFO:tensorflow:IInfo: 1493726902.587618 6.000640 0.677200 45556.395508

INFO:tensorflow:IInfo: 1493726988.549294 7.004160 0.698800 41518.179199

INFO:tensorflow:IInfo: 1493727074.477142 8.007680 0.724680 38643.109436

INFO:tensorflow:IInfo: 1493727160.138635 9.011200 0.725080 38087.853455

INFO:tensorflow:IInfo: 1493727245.622377 10.014720 0.760220 34279.616699

INFO:tensorflow:IInfo: 1493727331.559605 11.018240 0.764240 32996.350037

INFO:tensorflow:IInfo: 1493727415.529156 12.001280 0.795100 29193.424927

INFO:tensorflow:IInfo: 1493727501.506592 13.004800 0.800740 28537.402649

INFO:tensorflow:IInfo: 1493727587.547070 14.008320 0.802520 28173.083832

INFO:tensorflow:IInfo: 1493727673.041235 15.011840 0.821520 25413.158386

INFO:tensorflow:IInfo: 1493727758.688379 16.015360 0.849560 21750.765717

INFO:tensorflow:IInfo: 1493727844.979670 17.018880 0.844080 22367.455200

INFO:tensorflow:IInfo: 1493727929.235701 18.001920 0.871960 18820.537766

INFO:tensorflow:IInfo: 1493728015.107604 19.005440 0.883760 17220.232849

INFO:tensorflow:IInfo: 1493728101.104071 20.008960 0.881900 17256.475342

INFO:tensorflow:IInfo: 1493728187.363430 21.012480 0.896140 15227.018555

INFO:tensorflow:IInfo: 1493728273.082607 22.016000 0.901720 14304.429932

INFO:tensorflow:IInfo: 1493728359.235640 23.019520 0.920220 12034.469559

INFO:tensorflow:IInfo: 1493728443.701515 24.002560 0.900500 14230.234085

INFO:tensorflow:IInfo: 1493728529.298219 25.006080 0.934720 10006.340958

INFO:tensorflow:IInfo: 1493728615.250648 26.009600 0.921820 11377.039124

INFO:tensorflow:IInfo: 1493728701.143691 27.013120 0.924120 10984.056198

INFO:tensorflow:IInfo: 1493728786.925588 28.016640 0.611700 68369.103271

INFO:tensorflow:IInfo: 1493728872.872905 29.020160 0.943780 8616.413094

INFO:tensorflow:IInfo: 1493728957.132225 30.003200 0.959000 6523.104053

INFO:tensorflow:IInfo: 1493729043.288004 31.006720 0.949000 7452.910706

INFO:tensorflow:IInfo: 1493729129.206654 32.010240 0.948640 7468.746986

INFO:tensorflow:IInfo: 1493729214.953432 33.013760 0.973740 4350.629436

INFO:tensorflow:IInfo: 1493729301.008404 34.017280 0.950600 7448.233658

INFO:tensorflow:IInfo: 1493729384.687884 35.000320 0.992440 2123.566367

INFO:tensorflow:IInfo: 1493729470.495305 36.003840 0.997800 1142.358553

INFO:tensorflow:IInfo: 1493729556.125247 37.007360 0.999800 508.518649

