INFO:tensorflow:IInfo: 1493601580.785224 0.000000 0.095140 119703.147705

INFO:tensorflow:IInfo: 1493601671.190734 1.003520 0.383760 83884.614502

INFO:tensorflow:IInfo: 1493601761.711169 2.007040 0.450840 73456.128052

INFO:tensorflow:IInfo: 1493601851.930046 3.010560 0.515800 64694.028320

INFO:tensorflow:IInfo: 1493601941.904679 4.014080 0.591300 56054.763062

INFO:tensorflow:IInfo: 1493602031.080660 5.017600 0.635000 50397.214783

INFO:tensorflow:IInfo: 1493602118.139360 6.000640 0.668100 46311.218567

INFO:tensorflow:IInfo: 1493602207.882124 7.004160 0.593080 56063.396729

INFO:tensorflow:IInfo: 1493602297.614636 8.007680 0.747520 35983.686035

INFO:tensorflow:IInfo: 1493602387.414205 9.011200 0.744260 35067.871826

INFO:tensorflow:IInfo: 1493602477.009143 10.014720 0.794680 29723.101593

INFO:tensorflow:IInfo: 1493602567.310393 11.018240 0.791660 29646.938354

INFO:tensorflow:IInfo: 1493602655.615047 12.001280 0.813560 26526.229401

INFO:tensorflow:IInfo: 1493602745.975193 13.004800 0.830100 24266.840424

INFO:tensorflow:IInfo: 1493602836.435393 14.008320 0.861940 20446.411621

INFO:tensorflow:IInfo: 1493602926.290058 15.011840 0.838840 22526.759613

INFO:tensorflow:IInfo: 1493603016.435184 16.015360 0.909180 14097.517578

INFO:tensorflow:IInfo: 1493603106.234379 17.018880 0.922900 11879.338409

INFO:tensorflow:IInfo: 1493603194.129703 18.001920 0.929680 11063.773376

INFO:tensorflow:IInfo: 1493603284.094683 19.005440 0.936560 9884.566063

INFO:tensorflow:IInfo: 1493603373.976268 20.008960 0.419920 116192.489502

INFO:tensorflow:IInfo: 1493603464.165708 21.012480 0.883600 17333.332840

INFO:tensorflow:IInfo: 1493603553.889817 22.016000 0.933640 10329.997543

INFO:tensorflow:IInfo: 1493603643.444955 23.019520 0.968940 5941.684525

INFO:tensorflow:IInfo: 1493603731.811664 24.002560 0.991920 2402.993446

INFO:tensorflow:IInfo: 1493603820.929240 25.006080 0.996800 1497.002987

