INFO:tensorflow:IInfo: 1493615760.519627 0.000000 0.106700 119490.935791

INFO:tensorflow:IInfo: 1493615848.299030 1.003520 0.402320 82820.215454

INFO:tensorflow:IInfo: 1493615934.877437 2.007040 0.475360 71789.534424

INFO:tensorflow:IInfo: 1493616021.893910 3.010560 0.546480 62087.486206

INFO:tensorflow:IInfo: 1493616108.718158 4.014080 0.641240 50516.734253

INFO:tensorflow:IInfo: 1493616195.615972 5.017600 0.621600 51252.589722

INFO:tensorflow:IInfo: 1493616280.776628 6.000640 0.705860 41327.011169

INFO:tensorflow:IInfo: 1493616367.688434 7.004160 0.722200 38462.267822

INFO:tensorflow:IInfo: 1493616454.668294 8.007680 0.761780 32738.120483

INFO:tensorflow:IInfo: 1493616541.639494 9.011200 0.826300 25558.218719

INFO:tensorflow:IInfo: 1493616628.603629 10.014720 0.763960 33562.650208

INFO:tensorflow:IInfo: 1493616715.568090 11.018240 0.878480 18077.009216

INFO:tensorflow:IInfo: 1493616800.745848 12.001280 0.748440 35020.805908

INFO:tensorflow:IInfo: 1493616887.696857 13.004800 0.941600 11461.128159

INFO:tensorflow:IInfo: 1493616974.577819 14.008320 0.973260 5773.686119

INFO:tensorflow:IInfo: 1493617061.540777 15.011840 0.998520 1371.627048

