INFO:tensorflow:IInfo: 1493604994.797273 0.000000 0.098040 118164.430176

INFO:tensorflow:IInfo: 1493605127.807127 1.000000 0.698380 42033.623779

INFO:tensorflow:IInfo: 1493605260.488209 2.000000 0.857540 19969.985931

INFO:tensorflow:IInfo: 1493605393.180080 3.000000 0.956960 6605.002857

INFO:tensorflow:IInfo: 1493605525.828615 4.000000 0.992820 1362.379301

INFO:tensorflow:IInfo: 1493605658.561635 5.000000 0.989060 1755.904727

INFO:tensorflow:IInfo: 1493605791.188682 6.000000 0.997720 512.230017

INFO:tensorflow:IInfo: 1493605923.869750 7.000000 0.997360 519.466906

