INFO:tensorflow:IInfo: 1493611016.409938 0.000000 0.098580 118880.671387

INFO:tensorflow:IInfo: 1493611123.675782 1.000320 0.712720 40435.400208

INFO:tensorflow:IInfo: 1493611230.393072 2.000000 0.870280 18027.221115

INFO:tensorflow:IInfo: 1493611337.138115 3.000320 0.975040 4131.141605

INFO:tensorflow:IInfo: 1493611443.819838 4.000000 0.982300 2876.033176

INFO:tensorflow:IInfo: 1493611550.518932 5.000320 0.993120 1154.384168

INFO:tensorflow:IInfo: 1493611657.129990 6.000000 0.996220 716.409390

