INFO:tensorflow:IInfo: 1493754491.039610 0.000000 0.102060 119077.276611

INFO:tensorflow:IInfo: 1493754579.526298 1.003520 0.503840 67352.610229

INFO:tensorflow:IInfo: 1493754667.406056 2.001920 0.651500 48341.462463

INFO:tensorflow:IInfo: 1493754755.523219 3.000320 0.705860 40014.475037

INFO:tensorflow:IInfo: 1493754844.253073 4.003840 0.758720 34056.101440

INFO:tensorflow:IInfo: 1493754932.520014 5.002240 0.793700 28890.407898

INFO:tensorflow:IInfo: 1493755020.760472 6.000640 0.838740 23513.718445

INFO:tensorflow:IInfo: 1493755109.516895 7.004160 0.852020 21425.120605

INFO:tensorflow:IInfo: 1493755197.798257 8.002560 0.872360 18398.577560

INFO:tensorflow:IInfo: 1493755286.046804 9.000960 0.888300 16031.719604

INFO:tensorflow:IInfo: 1493755374.767335 10.004480 0.905180 13852.682526

INFO:tensorflow:IInfo: 1493755463.022387 11.002880 0.909900 12889.600235

INFO:tensorflow:IInfo: 1493755551.321565 12.001280 0.920140 11529.615479

INFO:tensorflow:IInfo: 1493755640.124948 13.004800 0.928240 10301.872452

INFO:tensorflow:IInfo: 1493755728.371658 14.003200 0.937320 8985.466545

INFO:tensorflow:IInfo: 1493755816.585954 15.001600 0.952020 7107.778797

INFO:tensorflow:IInfo: 1493755904.763145 16.000000 0.947040 7470.148376

INFO:tensorflow:IInfo: 1493755993.431264 17.003520 0.951000 6836.311169

INFO:tensorflow:IInfo: 1493756081.669741 18.001920 0.957460 6077.039207

INFO:tensorflow:IInfo: 1493756169.943133 19.000320 0.965440 5003.880072

INFO:tensorflow:IInfo: 1493756258.679019 20.003840 0.966420 4912.942270

INFO:tensorflow:IInfo: 1493756346.837867 21.002240 0.970720 4284.707720

INFO:tensorflow:IInfo: 1493756435.074736 22.000640 0.966160 4781.335201

INFO:tensorflow:IInfo: 1493756523.700215 23.004160 0.974640 3716.984772

INFO:tensorflow:IInfo: 1493756611.930490 24.002560 0.978420 3167.952152

INFO:tensorflow:IInfo: 1493756700.222036 25.000960 0.975600 3512.833048

INFO:tensorflow:IInfo: 1493756788.848185 26.004480 0.967600 4698.536793

INFO:tensorflow:IInfo: 1493756877.108519 27.002880 0.976500 3243.879528

INFO:tensorflow:IInfo: 1493756965.301539 28.001280 0.986780 1945.668760

INFO:tensorflow:IInfo: 1493757054.074458 29.004800 0.986140 2090.494993

INFO:tensorflow:IInfo: 1493757142.331292 30.003200 0.986840 1901.056214

INFO:tensorflow:IInfo: 1493757230.547631 31.001600 0.987260 1828.549890

INFO:tensorflow:IInfo: 1493757318.801519 32.000000 0.983520 2298.815873

INFO:tensorflow:IInfo: 1493757407.562500 33.003520 0.973080 3789.048298

INFO:tensorflow:IInfo: 1493757495.706964 34.001920 0.990880 1405.254497

INFO:tensorflow:IInfo: 1493757584.023866 35.000320 0.994940 809.209238

INFO:tensorflow:IInfo: 1493757672.856615 36.003840 0.997620 450.791676

