INFO:tensorflow:IInfo: 1493601834.050417 0.000000 0.088880 118933.938477

INFO:tensorflow:IInfo: 1493601968.296322 1.000000 0.638560 50524.524597

INFO:tensorflow:IInfo: 1493602102.112024 2.000000 0.725760 38303.675720

INFO:tensorflow:IInfo: 1493602235.894214 3.000000 0.800520 29346.137817

INFO:tensorflow:IInfo: 1493602369.718205 4.000000 0.831720 24212.105499

INFO:tensorflow:IInfo: 1493602503.510049 5.000000 0.850940 21721.778442

INFO:tensorflow:IInfo: 1493602637.272895 6.000000 0.872840 18739.301315

INFO:tensorflow:IInfo: 1493602771.047713 7.000000 0.887600 16723.319260

INFO:tensorflow:IInfo: 1493602904.861213 8.000000 0.893860 15294.730911

INFO:tensorflow:IInfo: 1493603038.723685 9.000000 0.912220 13180.689926

INFO:tensorflow:IInfo: 1493603172.536770 10.000000 0.920980 11655.468918

INFO:tensorflow:IInfo: 1493603306.341666 11.000000 0.935740 9581.730858

INFO:tensorflow:IInfo: 1493603440.165041 12.000000 0.935880 9511.714096

INFO:tensorflow:IInfo: 1493603573.983742 13.000000 0.946560 8116.607719

INFO:tensorflow:IInfo: 1493603707.777422 14.000000 0.943480 8200.067932

INFO:tensorflow:IInfo: 1493603841.651475 15.000000 0.949100 7133.459061

INFO:tensorflow:IInfo: 1493603975.447595 16.000000 0.959940 5935.612144

INFO:tensorflow:IInfo: 1493604109.304181 17.000000 0.959360 5987.665524

INFO:tensorflow:IInfo: 1493604243.149595 18.000000 0.965140 5198.296951

INFO:tensorflow:IInfo: 1493604377.004285 19.000000 0.966660 4748.694885

INFO:tensorflow:IInfo: 1493604510.842011 20.000000 0.968360 4474.706524

INFO:tensorflow:IInfo: 1493604644.710418 21.000000 0.974020 3840.888031

INFO:tensorflow:IInfo: 1493604778.508231 22.000000 0.981440 2946.981028

INFO:tensorflow:IInfo: 1493604912.285631 23.000000 0.983980 2510.948517

INFO:tensorflow:IInfo: 1493605046.163054 24.000000 0.989720 1798.833053

INFO:tensorflow:IInfo: 1493605180.044078 25.000000 0.983140 2588.263174

INFO:tensorflow:IInfo: 1493605313.892972 26.000000 0.987400 1911.324361

INFO:tensorflow:IInfo: 1493605447.737333 27.000000 0.991340 1515.541507

INFO:tensorflow:IInfo: 1493605581.609490 28.000000 0.988900 1783.744387

INFO:tensorflow:IInfo: 1493605715.390188 29.000000 0.991060 1439.632244

INFO:tensorflow:IInfo: 1493605849.245632 30.000000 0.991740 1255.246131

INFO:tensorflow:IInfo: 1493605983.081038 31.000000 0.992940 1174.546652

INFO:tensorflow:IInfo: 1493606116.940169 32.000000 0.991980 1308.966976

INFO:tensorflow:IInfo: 1493606250.810626 33.000000 0.996420 715.928325

