INFO:tensorflow:IInfo: 1493608506.244721 0.000000 0.086900 121919.668945

INFO:tensorflow:IInfo: 1493608613.817553 1.000320 0.632340 51289.693115

INFO:tensorflow:IInfo: 1493608720.892205 2.000000 0.725140 38978.694763

INFO:tensorflow:IInfo: 1493608827.967083 3.000320 0.796500 29377.271698

INFO:tensorflow:IInfo: 1493608935.113967 4.000000 0.835540 24367.505188

INFO:tensorflow:IInfo: 1493609042.743231 5.000320 0.851840 21765.387100

INFO:tensorflow:IInfo: 1493609149.852886 6.000000 0.882740 17531.882416

INFO:tensorflow:IInfo: 1493609256.990111 7.000320 0.889300 16406.506470

INFO:tensorflow:IInfo: 1493609364.080792 8.000000 0.904080 14158.738602

INFO:tensorflow:IInfo: 1493609471.303885 9.000320 0.911940 13173.912354

INFO:tensorflow:IInfo: 1493609578.269203 10.000000 0.923980 11338.015579

INFO:tensorflow:IInfo: 1493609685.350155 11.000320 0.927560 10594.482056

INFO:tensorflow:IInfo: 1493609792.481339 12.000000 0.939080 8949.527290

INFO:tensorflow:IInfo: 1493609899.874647 13.000320 0.938420 8845.389778

INFO:tensorflow:IInfo: 1493610007.038972 14.000000 0.952560 6929.935963

INFO:tensorflow:IInfo: 1493610114.385568 15.000320 0.956820 6498.544445

INFO:tensorflow:IInfo: 1493610221.801477 16.000000 0.964180 5462.852375

INFO:tensorflow:IInfo: 1493610329.390798 17.000320 0.968980 4782.856810

INFO:tensorflow:IInfo: 1493610436.853630 18.000000 0.973420 4144.974607

INFO:tensorflow:IInfo: 1493610544.409193 19.000320 0.973380 3970.873260

INFO:tensorflow:IInfo: 1493610651.916006 20.000000 0.975980 3660.995855

INFO:tensorflow:IInfo: 1493610759.413854 21.000320 0.980020 3114.417559

INFO:tensorflow:IInfo: 1493610866.397963 22.000000 0.979880 3053.158136

INFO:tensorflow:IInfo: 1493610973.638509 23.000320 0.981260 2813.278284

INFO:tensorflow:IInfo: 1493611080.767320 24.000000 0.979760 2944.635010

INFO:tensorflow:IInfo: 1493611188.024597 25.000320 0.986040 2175.989671

INFO:tensorflow:IInfo: 1493611295.021314 26.000000 0.990240 1614.352447

INFO:tensorflow:IInfo: 1493611402.202404 27.000320 0.989620 1629.638539

INFO:tensorflow:IInfo: 1493611509.373716 28.000000 0.988800 1691.975657

INFO:tensorflow:IInfo: 1493611616.775396 29.000320 0.988660 1791.654511

INFO:tensorflow:IInfo: 1493611723.773556 30.000000 0.993400 1132.217918

INFO:tensorflow:IInfo: 1493611830.852963 31.000320 0.990440 1531.150907

INFO:tensorflow:IInfo: 1493611938.081119 32.000000 0.995000 855.994280

INFO:tensorflow:IInfo: 1493612045.310387 33.000320 0.993780 1015.638201

