INFO:tensorflow:IInfo: 1493615556.845148 0.000000 0.123560 120057.821289

INFO:tensorflow:IInfo: 1493615649.181871 1.013760 0.386660 83709.398926

INFO:tensorflow:IInfo: 1493615740.374394 2.027520 0.391740 80120.465820

INFO:tensorflow:IInfo: 1493615829.165087 3.010560 0.502540 68112.391602

INFO:tensorflow:IInfo: 1493615921.023775 4.024320 0.536920 63430.817383

INFO:tensorflow:IInfo: 1493616009.961294 5.007360 0.570180 60167.606323

INFO:tensorflow:IInfo: 1493616101.646220 6.021120 0.679520 46486.934692

INFO:tensorflow:IInfo: 1493616190.598788 7.004160 0.662960 45422.244629

INFO:tensorflow:IInfo: 1493616282.280714 8.017920 0.651920 49205.651733

INFO:tensorflow:IInfo: 1493616371.159603 9.000960 0.769040 32950.392700

INFO:tensorflow:IInfo: 1493616462.806993 10.014720 0.503300 81733.897339

INFO:tensorflow:IInfo: 1493616554.547192 11.028480 0.895020 18019.844116

INFO:tensorflow:IInfo: 1493616643.544243 12.011520 0.840060 22688.411469

INFO:tensorflow:IInfo: 1493616735.270292 13.025280 0.999660 1283.634975

