INFO:tensorflow:IInfo: 1493607692.342460 0.000000 0.098840 118186.633789

INFO:tensorflow:IInfo: 1493607779.493320 1.003520 0.476360 68747.865234

INFO:tensorflow:IInfo: 1493607865.463747 2.001920 0.607700 55549.643066

INFO:tensorflow:IInfo: 1493607951.412516 3.000320 0.726040 38636.845886

INFO:tensorflow:IInfo: 1493608037.783845 4.003840 0.790660 29742.707367

INFO:tensorflow:IInfo: 1493608123.711989 5.002240 0.823260 25057.114136

INFO:tensorflow:IInfo: 1493608209.653331 6.000640 0.866780 19123.248413

INFO:tensorflow:IInfo: 1493608296.003722 7.004160 0.892740 15866.639526

INFO:tensorflow:IInfo: 1493608381.906169 8.002560 0.902540 14415.617340

INFO:tensorflow:IInfo: 1493608467.807043 9.000960 0.899340 14216.991028

INFO:tensorflow:IInfo: 1493608554.163509 10.004480 0.939000 9176.698174

INFO:tensorflow:IInfo: 1493608640.075933 11.002880 0.941920 8510.226204

INFO:tensorflow:IInfo: 1493608726.021372 12.001280 0.972920 4302.778120

INFO:tensorflow:IInfo: 1493608812.329282 13.004800 0.964340 5152.367424

INFO:tensorflow:IInfo: 1493608898.208400 14.003200 0.981380 3014.399759

INFO:tensorflow:IInfo: 1493608984.089121 15.001600 0.982880 2705.800442

INFO:tensorflow:IInfo: 1493609069.964410 16.000000 0.975700 3539.084404

INFO:tensorflow:IInfo: 1493609156.275116 17.003520 0.995740 808.680387

INFO:tensorflow:IInfo: 1493609242.142007 18.001920 0.989660 1611.699842

