INFO:tensorflow:IInfo: 1493617532.810888 0.000000 0.131600 116761.501953

INFO:tensorflow:IInfo: 1493617628.261511 1.000960 0.619700 53159.186035

INFO:tensorflow:IInfo: 1493617723.709767 2.000640 0.736800 37158.555298

INFO:tensorflow:IInfo: 1493617819.288404 3.000320 0.808060 27648.283325

INFO:tensorflow:IInfo: 1493617914.938192 4.000000 0.853380 21064.757645

INFO:tensorflow:IInfo: 1493618010.608954 5.000960 0.896540 15301.887100

INFO:tensorflow:IInfo: 1493618106.154649 6.000640 0.925300 11255.418625

INFO:tensorflow:IInfo: 1493618201.657163 7.000320 0.935720 9703.451759

INFO:tensorflow:IInfo: 1493618297.184626 8.000000 0.948700 7603.120499

INFO:tensorflow:IInfo: 1493618392.801639 9.000960 0.973160 4392.736206

INFO:tensorflow:IInfo: 1493618488.303407 10.000640 0.974660 4092.341883

INFO:tensorflow:IInfo: 1493618583.743185 11.000320 0.970520 4244.975056

INFO:tensorflow:IInfo: 1493618679.211114 12.000000 0.984560 2419.608179

INFO:tensorflow:IInfo: 1493618774.825156 13.000960 0.980800 2862.181950

INFO:tensorflow:IInfo: 1493618870.285060 14.000640 0.984540 2322.024050

INFO:tensorflow:IInfo: 1493618965.780599 15.000320 0.985960 2161.196185

INFO:tensorflow:IInfo: 1493619061.259913 16.000000 0.993020 1153.647693

INFO:tensorflow:IInfo: 1493619156.894069 17.000960 0.988640 1678.378834

INFO:tensorflow:IInfo: 1493619252.388254 18.000640 0.992480 1179.241234

INFO:tensorflow:IInfo: 1493619347.887190 19.000320 0.995320 751.632848

