INFO:tensorflow:IInfo: 1493603130.185702 0.000000 0.091220 237029.558594

INFO:tensorflow:IInfo: 1493603264.597729 1.000000 0.656710 96011.366089

INFO:tensorflow:IInfo: 1493603398.494703 2.000000 0.740480 74600.641907

INFO:tensorflow:IInfo: 1493603532.454701 3.000000 0.795610 59035.197174

INFO:tensorflow:IInfo: 1493603666.354126 4.000000 0.826430 50851.341980

INFO:tensorflow:IInfo: 1493603800.189575 5.000000 0.844380 45429.865417

INFO:tensorflow:IInfo: 1493603934.177913 6.000000 0.868320 39143.948257

INFO:tensorflow:IInfo: 1493604068.186797 7.000000 0.889090 33153.911133

INFO:tensorflow:IInfo: 1493604202.267340 8.000000 0.879290 34768.977234

INFO:tensorflow:IInfo: 1493604336.304893 9.000000 0.907500 26579.253326

INFO:tensorflow:IInfo: 1493604470.256127 10.000000 0.916910 24426.962097

INFO:tensorflow:IInfo: 1493604604.253485 11.000000 0.926440 21454.535065

INFO:tensorflow:IInfo: 1493604738.229300 12.000000 0.933870 19633.032028

INFO:tensorflow:IInfo: 1493604872.232919 13.000000 0.935760 18245.931271

INFO:tensorflow:IInfo: 1493605006.223384 14.000000 0.945790 15722.425205

INFO:tensorflow:IInfo: 1493605140.099061 15.000000 0.953920 13618.630711

INFO:tensorflow:IInfo: 1493605274.107662 16.000000 0.963840 11152.185223

INFO:tensorflow:IInfo: 1493605408.124758 17.000000 0.965970 10300.607277

INFO:tensorflow:IInfo: 1493605542.085309 18.000000 0.970690 8957.666698

INFO:tensorflow:IInfo: 1493605676.086866 19.000000 0.971690 8562.889257

INFO:tensorflow:IInfo: 1493605810.012792 20.000000 0.975580 7367.694462

INFO:tensorflow:IInfo: 1493605944.112055 21.000000 0.974360 7749.260715

INFO:tensorflow:IInfo: 1493606078.127812 22.000000 0.981880 5602.610552

INFO:tensorflow:IInfo: 1493606212.144705 23.000000 0.980930 5621.732470

INFO:tensorflow:IInfo: 1493606346.066979 24.000000 0.982590 5265.125774

INFO:tensorflow:IInfo: 1493606480.076158 25.000000 0.982140 5386.704168

INFO:tensorflow:IInfo: 1493606614.086741 26.000000 0.979760 5885.374741

INFO:tensorflow:IInfo: 1493606748.171982 27.000000 0.985620 4372.784460

INFO:tensorflow:IInfo: 1493606882.254271 28.000000 0.989700 3267.079259

INFO:tensorflow:IInfo: 1493607016.269831 29.000000 0.990090 3127.383814

INFO:tensorflow:IInfo: 1493607150.232854 30.000000 0.993170 2391.685787

INFO:tensorflow:IInfo: 1493607284.257644 31.000000 0.984810 4638.659920

INFO:tensorflow:IInfo: 1493607418.213058 32.000000 0.989250 3309.662231

INFO:tensorflow:IInfo: 1493607552.177158 33.000000 0.994940 1806.120941

INFO:tensorflow:IInfo: 1493607686.134005 34.000000 0.991730 2523.564433

INFO:tensorflow:IInfo: 1493607820.142375 35.000000 0.994090 1873.871536

INFO:tensorflow:IInfo: 1493607954.057871 36.000000 0.995490 1501.793604

