INFO:tensorflow:IInfo: 1493624317.355541 0.000000 0.075190 242485.833740

INFO:tensorflow:IInfo: 1493624405.068419 1.003520 0.458630 146522.348022

INFO:tensorflow:IInfo: 1493624492.844973 2.007040 0.506890 132590.068115

INFO:tensorflow:IInfo: 1493624579.353572 3.000320 0.623170 104648.494934

INFO:tensorflow:IInfo: 1493624666.771245 4.003840 0.685600 88296.355713

INFO:tensorflow:IInfo: 1493624754.103588 5.007360 0.690540 86352.589172

INFO:tensorflow:IInfo: 1493624840.540160 6.000640 0.734000 75342.196228

INFO:tensorflow:IInfo: 1493624927.936172 7.004160 0.769090 65617.907593

INFO:tensorflow:IInfo: 1493625015.330764 8.007680 0.780300 60853.815369

INFO:tensorflow:IInfo: 1493625101.761797 9.000960 0.820550 51973.678772

INFO:tensorflow:IInfo: 1493625189.095600 10.004480 0.822910 50100.721985

INFO:tensorflow:IInfo: 1493625276.455576 11.008000 0.831690 47037.130981

INFO:tensorflow:IInfo: 1493625362.959229 12.001280 0.847000 43154.310303

INFO:tensorflow:IInfo: 1493625450.308899 13.004800 0.872040 36862.027176

INFO:tensorflow:IInfo: 1493625537.629252 14.008320 0.884180 33855.106918

INFO:tensorflow:IInfo: 1493625624.115264 15.001600 0.893170 30835.999939

INFO:tensorflow:IInfo: 1493625711.466705 16.005120 0.906350 27284.923660

INFO:tensorflow:IInfo: 1493625798.744737 17.008640 0.920880 23641.418686

INFO:tensorflow:IInfo: 1493625885.179508 18.001920 0.918290 23427.591057

INFO:tensorflow:IInfo: 1493625972.476136 19.005440 0.923180 22106.677452

INFO:tensorflow:IInfo: 1493626059.811343 20.008960 0.922190 21892.930031

INFO:tensorflow:IInfo: 1493626146.235076 21.002240 0.938610 17786.447441

INFO:tensorflow:IInfo: 1493626233.546689 22.005760 0.947490 15267.951859

INFO:tensorflow:IInfo: 1493626320.867598 23.009280 0.944040 15728.872871

INFO:tensorflow:IInfo: 1493626407.284727 24.002560 0.952060 13947.655418

INFO:tensorflow:IInfo: 1493626494.614279 25.006080 0.963900 10695.546852

INFO:tensorflow:IInfo: 1493626581.950184 26.009600 0.968680 9531.261703

INFO:tensorflow:IInfo: 1493626668.384254 27.002880 0.972350 8421.448202

INFO:tensorflow:IInfo: 1493626755.722999 28.006400 0.966550 9903.571556

INFO:tensorflow:IInfo: 1493626843.019687 29.009920 0.977800 6820.622137

INFO:tensorflow:IInfo: 1493626929.443363 30.003200 0.979240 6365.207472

INFO:tensorflow:IInfo: 1493627016.738309 31.006720 0.992400 2972.750768

INFO:tensorflow:IInfo: 1493627103.106221 32.000000 0.993890 2490.039145

INFO:tensorflow:IInfo: 1493627190.391013 33.003520 0.998000 1185.419723

INFO:tensorflow:IInfo: 1493627277.722445 34.007040 0.999860 319.463363

