INFO:tensorflow:IInfo: 1493615482.420271 0.000000 0.079180 117721.713379

INFO:tensorflow:IInfo: 1493615572.298621 1.000960 0.623860 52864.674988

INFO:tensorflow:IInfo: 1493615661.980579 2.001920 0.731800 37267.274353

INFO:tensorflow:IInfo: 1493615751.583360 3.000320 0.810860 26989.585266

INFO:tensorflow:IInfo: 1493615841.365128 4.001280 0.903120 14318.333954

INFO:tensorflow:IInfo: 1493615931.175824 5.002240 0.944140 8497.239250

INFO:tensorflow:IInfo: 1493616020.746148 6.000640 0.969100 4931.538288

INFO:tensorflow:IInfo: 1493616110.500829 7.001600 0.984040 2720.919350

INFO:tensorflow:IInfo: 1493616200.073828 8.000000 0.985480 2300.587691

INFO:tensorflow:IInfo: 1493616289.892754 9.000960 0.996160 760.400607

