INFO:tensorflow:IInfo: 1493617642.164313 0.000000 0.088080 121810.738281

INFO:tensorflow:IInfo: 1493617737.177480 1.000960 0.655460 47031.353882

INFO:tensorflow:IInfo: 1493617831.485221 2.000640 0.776040 31485.686768

INFO:tensorflow:IInfo: 1493617925.786118 3.000320 0.859280 20057.032608

INFO:tensorflow:IInfo: 1493618020.062666 4.000000 0.936720 9713.871017

INFO:tensorflow:IInfo: 1493618114.451296 5.000960 0.957060 6444.811279

INFO:tensorflow:IInfo: 1493618208.693739 6.000640 0.977720 3620.556664

INFO:tensorflow:IInfo: 1493618302.948327 7.000320 0.992260 1575.900071

INFO:tensorflow:IInfo: 1493618397.224188 8.000000 0.972180 3906.616718

INFO:tensorflow:IInfo: 1493618491.569489 9.000960 0.991020 1471.908237

INFO:tensorflow:IInfo: 1493618585.826653 10.000640 0.993840 987.585931

INFO:tensorflow:IInfo: 1493618680.010546 11.000320 0.994020 986.976884

INFO:tensorflow:IInfo: 1493618774.189644 12.000000 0.991060 1354.633347

INFO:tensorflow:IInfo: 1493618868.547940 13.000960 0.999440 150.570121

INFO:tensorflow:IInfo: 1493618962.808307 14.000640 0.998460 265.740143

