INFO:tensorflow:IInfo: 1493615695.349093 0.000000 0.108460 118505.709473

INFO:tensorflow:IInfo: 1493615782.378979 1.003520 0.480800 71914.839966

INFO:tensorflow:IInfo: 1493615868.869877 2.007040 0.579660 57591.967896

INFO:tensorflow:IInfo: 1493615954.230902 3.000320 0.632100 49780.577393

INFO:tensorflow:IInfo: 1493616040.481919 4.003840 0.700120 41458.565002

INFO:tensorflow:IInfo: 1493616126.729730 5.007360 0.739440 36904.320923

INFO:tensorflow:IInfo: 1493616212.094930 6.000640 0.782360 31238.000610

INFO:tensorflow:IInfo: 1493616298.356317 7.004160 0.803140 27924.838074

INFO:tensorflow:IInfo: 1493616384.610805 8.007680 0.857060 20869.338379

INFO:tensorflow:IInfo: 1493616469.964452 9.000960 0.881520 17445.272827

INFO:tensorflow:IInfo: 1493616556.198433 10.004480 0.892240 15996.853317

INFO:tensorflow:IInfo: 1493616642.398353 11.008000 0.921140 12207.955063

INFO:tensorflow:IInfo: 1493616727.754079 12.001280 0.942440 9104.920891

INFO:tensorflow:IInfo: 1493616813.971077 13.004800 0.907280 14674.209396

INFO:tensorflow:IInfo: 1493616900.136674 14.008320 0.942480 8801.720139

INFO:tensorflow:IInfo: 1493616985.483713 15.001600 0.978220 3865.377422

INFO:tensorflow:IInfo: 1493617071.689565 16.005120 0.988560 2250.530473

INFO:tensorflow:IInfo: 1493617157.863242 17.008640 0.997520 794.541352

INFO:tensorflow:IInfo: 1493617243.162051 18.001920 0.999700 358.822704

