INFO:tensorflow:IInfo: 1493624235.558448 0.000000 0.080560 117548.665527

INFO:tensorflow:IInfo: 1493624322.701663 1.003520 0.483500 71186.781738

INFO:tensorflow:IInfo: 1493624408.265220 2.007040 0.589980 57554.034302

INFO:tensorflow:IInfo: 1493624492.709085 3.000320 0.743960 36752.013733

INFO:tensorflow:IInfo: 1493624577.868003 4.003840 0.803980 28080.602722

INFO:tensorflow:IInfo: 1493624663.029063 5.007360 0.953480 8757.973213

INFO:tensorflow:IInfo: 1493624747.247447 6.000640 0.999820 583.621276

INFO:tensorflow:IInfo: 1493624832.369283 7.004160 1.000000 207.781446

INFO:tensorflow:IInfo: 1493624917.425045 8.007680 1.000000 127.193684

