INFO:tensorflow:IInfo: 1493607352.979327 0.000000 0.089320 234968.444092

INFO:tensorflow:IInfo: 1493607441.831929 1.003520 0.513490 132997.166382

INFO:tensorflow:IInfo: 1493607529.961408 2.001920 0.649710 97329.299011

INFO:tensorflow:IInfo: 1493607618.252456 3.000320 0.709740 81200.657532

INFO:tensorflow:IInfo: 1493607706.971399 4.003840 0.747270 70674.094849

INFO:tensorflow:IInfo: 1493607795.312565 5.002240 0.793300 58550.972809

INFO:tensorflow:IInfo: 1493607883.610874 6.000640 0.828150 49162.162048

INFO:tensorflow:IInfo: 1493607972.382538 7.004160 0.839650 45497.080139

INFO:tensorflow:IInfo: 1493608060.683277 8.002560 0.863170 39554.233444

INFO:tensorflow:IInfo: 1493608149.007436 9.000960 0.874120 36495.040955

INFO:tensorflow:IInfo: 1493608237.763514 10.004480 0.883930 33837.615982

INFO:tensorflow:IInfo: 1493608326.071679 11.002880 0.901920 28644.170578

INFO:tensorflow:IInfo: 1493608414.379175 12.001280 0.899070 28945.969193

INFO:tensorflow:IInfo: 1493608503.157054 13.004800 0.919420 22834.375450

INFO:tensorflow:IInfo: 1493608591.484271 14.003200 0.924830 21559.112946

INFO:tensorflow:IInfo: 1493608679.813487 15.001600 0.942640 16804.604206

INFO:tensorflow:IInfo: 1493608768.097891 16.000000 0.953530 13652.324100

INFO:tensorflow:IInfo: 1493608856.844258 17.003520 0.950450 14176.830967

INFO:tensorflow:IInfo: 1493608945.142652 18.001920 0.955700 12942.010708

INFO:tensorflow:IInfo: 1493609033.495540 19.000320 0.950450 14090.478054

INFO:tensorflow:IInfo: 1493609122.252581 20.003840 0.962890 10679.765575

INFO:tensorflow:IInfo: 1493609210.563184 21.002240 0.960780 11286.875771

INFO:tensorflow:IInfo: 1493609298.880737 22.000640 0.974780 7611.263192

INFO:tensorflow:IInfo: 1493609387.658119 23.004160 0.974620 7560.538449

INFO:tensorflow:IInfo: 1493609475.958100 24.002560 0.975720 6888.493868

INFO:tensorflow:IInfo: 1493609564.273029 25.000960 0.971350 8086.430378

INFO:tensorflow:IInfo: 1493609653.020525 26.004480 0.984320 4736.667957

INFO:tensorflow:IInfo: 1493609741.346013 27.002880 0.980400 5582.590754

INFO:tensorflow:IInfo: 1493609829.655705 28.001280 0.982250 5160.476053

INFO:tensorflow:IInfo: 1493609918.428915 29.004800 0.982470 5251.358186

INFO:tensorflow:IInfo: 1493610006.727766 30.003200 0.989630 3383.761726

INFO:tensorflow:IInfo: 1493610095.059033 31.001600 0.991750 2668.812296

INFO:tensorflow:IInfo: 1493610183.368122 32.000000 0.992990 2296.413578

INFO:tensorflow:IInfo: 1493610272.137547 33.003520 0.987300 3723.438929

INFO:tensorflow:IInfo: 1493610360.506310 34.001920 0.992350 2376.370640

INFO:tensorflow:IInfo: 1493610448.997840 35.000320 0.995080 1609.249995

