INFO:tensorflow:IInfo: 1493601567.091578 0.000000 0.095700 119058.073242

INFO:tensorflow:IInfo: 1493601654.346160 1.013760 0.369720 85633.474365

INFO:tensorflow:IInfo: 1493601739.955358 2.027520 0.386240 82027.274536

INFO:tensorflow:IInfo: 1493601823.163448 3.010560 0.489240 69806.152832

INFO:tensorflow:IInfo: 1493601909.189742 4.024320 0.536260 62800.457520

INFO:tensorflow:IInfo: 1493601992.468284 5.007360 0.550900 60870.083374

INFO:tensorflow:IInfo: 1493602078.320801 6.021120 0.642700 49527.842529

INFO:tensorflow:IInfo: 1493602161.599887 7.004160 0.661460 47495.426086

INFO:tensorflow:IInfo: 1493602247.469193 8.017920 0.700260 42411.305176

INFO:tensorflow:IInfo: 1493602330.745095 9.000960 0.697460 41004.326965

INFO:tensorflow:IInfo: 1493602416.625522 10.014720 0.692900 41042.252319

INFO:tensorflow:IInfo: 1493602502.533265 11.028480 0.738340 35258.751160

INFO:tensorflow:IInfo: 1493602585.802724 12.011520 0.788300 29760.452881

INFO:tensorflow:IInfo: 1493602671.698385 13.025280 0.799780 27867.099396

INFO:tensorflow:IInfo: 1493602754.970284 14.008320 0.848980 21340.105988

INFO:tensorflow:IInfo: 1493602840.847657 15.022080 0.887420 17824.165588

INFO:tensorflow:IInfo: 1493602924.124608 16.005120 0.926720 11876.672409

INFO:tensorflow:IInfo: 1493603009.991772 17.018880 0.371640 123237.301758

INFO:tensorflow:IInfo: 1493603093.252792 18.001920 0.932280 12437.944794

INFO:tensorflow:IInfo: 1493603179.124699 19.015680 0.994700 3006.093445

INFO:tensorflow:IInfo: 1493603264.979003 20.029440 0.999160 1187.426886

INFO:tensorflow:IInfo: 1493603348.273782 21.012480 0.999720 641.590533

