INFO:tensorflow:IInfo: 1493754398.660265 0.000000 0.091480 116140.533691

INFO:tensorflow:IInfo: 1493754493.901484 1.000960 0.581500 57724.632324

INFO:tensorflow:IInfo: 1493754588.481539 2.000640 0.683440 43595.133179

INFO:tensorflow:IInfo: 1493754683.031688 3.000320 0.766680 32765.226318

INFO:tensorflow:IInfo: 1493754777.582828 4.000000 0.808460 27654.206299

INFO:tensorflow:IInfo: 1493754872.249800 5.000960 0.842100 22838.480865

INFO:tensorflow:IInfo: 1493754966.772663 6.000640 0.865120 19644.232559

INFO:tensorflow:IInfo: 1493755061.297286 7.000320 0.872720 17769.901627

INFO:tensorflow:IInfo: 1493755155.827121 8.000000 0.899700 14769.038727

INFO:tensorflow:IInfo: 1493755250.482708 9.000960 0.912520 12754.514969

INFO:tensorflow:IInfo: 1493755345.045150 10.000640 0.917420 12148.406349

INFO:tensorflow:IInfo: 1493755439.652178 11.000320 0.909400 12579.821556

INFO:tensorflow:IInfo: 1493755534.344198 12.000000 0.940260 8898.913826

INFO:tensorflow:IInfo: 1493755629.208735 13.000960 0.938920 8926.375183

INFO:tensorflow:IInfo: 1493755723.905094 14.000640 0.948000 7523.279800

INFO:tensorflow:IInfo: 1493755818.516468 15.000320 0.946660 7587.623432

INFO:tensorflow:IInfo: 1493755913.141398 16.000000 0.947700 7393.393768

INFO:tensorflow:IInfo: 1493756007.970778 17.000960 0.952720 6518.375813

INFO:tensorflow:IInfo: 1493756102.699331 18.000640 0.959180 5716.956890

INFO:tensorflow:IInfo: 1493756197.499125 19.000320 0.966860 4717.827995

INFO:tensorflow:IInfo: 1493756292.266325 20.000000 0.972660 3986.708719

INFO:tensorflow:IInfo: 1493756387.046241 21.000960 0.967640 4518.043278

INFO:tensorflow:IInfo: 1493756481.681430 22.000640 0.980820 2908.181030

INFO:tensorflow:IInfo: 1493756576.435321 23.000320 0.975160 3507.797886

INFO:tensorflow:IInfo: 1493756671.143757 24.000000 0.988060 1936.081473

INFO:tensorflow:IInfo: 1493756765.935395 25.000960 0.983920 2338.666914

INFO:tensorflow:IInfo: 1493756860.733123 26.000640 0.984380 2280.918757

INFO:tensorflow:IInfo: 1493756955.466337 27.000320 0.977920 3056.789455

INFO:tensorflow:IInfo: 1493757050.290976 28.000000 0.978100 3081.339371

INFO:tensorflow:IInfo: 1493757145.222878 29.000960 0.989280 1596.645597

INFO:tensorflow:IInfo: 1493757239.886548 30.000640 0.993620 1081.640795

INFO:tensorflow:IInfo: 1493757334.794765 31.000320 0.986060 1950.953349

INFO:tensorflow:IInfo: 1493757429.639738 32.000000 0.990580 1442.608356

INFO:tensorflow:IInfo: 1493757524.427907 33.000960 0.993720 968.166593

INFO:tensorflow:IInfo: 1493757619.422441 34.000640 0.994720 824.607901

INFO:tensorflow:IInfo: 1493757714.289937 35.000320 0.991780 1187.032895

INFO:tensorflow:IInfo: 1493757809.088582 36.000000 0.996680 592.231671

INFO:tensorflow:IInfo: 1493757903.846317 37.000960 0.991800 1286.782193

INFO:tensorflow:IInfo: 1493757998.864733 38.000640 0.992220 1176.184042

