INFO:tensorflow:IInfo: 1493605025.627549 0.000000 0.069080 120246.133545

INFO:tensorflow:IInfo: 1493605158.223485 1.000000 0.667680 45556.365784

INFO:tensorflow:IInfo: 1493605290.334371 2.000000 0.764200 32745.290985

INFO:tensorflow:IInfo: 1493605422.521221 3.000000 0.844240 22469.176361

INFO:tensorflow:IInfo: 1493605554.700913 4.000000 0.936060 10040.716988

INFO:tensorflow:IInfo: 1493605686.879005 5.000000 0.957820 6611.740711

INFO:tensorflow:IInfo: 1493605819.002584 6.000000 0.971720 4298.002954

INFO:tensorflow:IInfo: 1493605951.106470 7.000000 0.981340 2994.229635

INFO:tensorflow:IInfo: 1493606083.316965 8.000000 0.980480 2780.848291

INFO:tensorflow:IInfo: 1493606215.586040 9.000000 0.989900 1617.015019

INFO:tensorflow:IInfo: 1493606347.838897 10.000000 0.989360 1510.199674

INFO:tensorflow:IInfo: 1493606480.093176 11.000000 0.997440 501.980286

