INFO:tensorflow:IInfo: 1493726501.011798 0.000000 0.107100 121309.664307

INFO:tensorflow:IInfo: 1493726589.214926 1.003520 0.408200 78798.560669

INFO:tensorflow:IInfo: 1493726677.603963 2.007040 0.476180 70897.382690

INFO:tensorflow:IInfo: 1493726765.092776 3.000320 0.611680 52829.744812

INFO:tensorflow:IInfo: 1493726853.540179 4.003840 0.683380 43690.893555

INFO:tensorflow:IInfo: 1493726941.965843 5.007360 0.718460 38450.393860

INFO:tensorflow:IInfo: 1493727029.486001 6.000640 0.777320 31814.726074

INFO:tensorflow:IInfo: 1493727117.928656 7.004160 0.787960 29794.664581

INFO:tensorflow:IInfo: 1493727206.376240 8.007680 0.805680 27369.868103

INFO:tensorflow:IInfo: 1493727293.990093 9.000960 0.834320 23995.688263

INFO:tensorflow:IInfo: 1493727382.484149 10.004480 0.837580 23222.275208

INFO:tensorflow:IInfo: 1493727470.915699 11.008000 0.855640 20424.556671

INFO:tensorflow:IInfo: 1493727558.425649 12.001280 0.884000 16911.479889

INFO:tensorflow:IInfo: 1493727646.903734 13.004800 0.892340 15590.895737

INFO:tensorflow:IInfo: 1493727735.302377 14.008320 0.908920 13337.636292

INFO:tensorflow:IInfo: 1493727822.845652 15.001600 0.911780 12645.804756

INFO:tensorflow:IInfo: 1493727911.281948 16.005120 0.925940 10788.502327

INFO:tensorflow:IInfo: 1493727999.667681 17.008640 0.930740 9958.055069

INFO:tensorflow:IInfo: 1493728087.416727 18.001920 0.931720 9696.160751

INFO:tensorflow:IInfo: 1493728175.784098 19.005440 0.927400 10153.948280

INFO:tensorflow:IInfo: 1493728263.873320 20.008960 0.931140 9766.839470

INFO:tensorflow:IInfo: 1493728351.109622 21.002240 0.945940 7707.477070

INFO:tensorflow:IInfo: 1493728439.216113 22.005760 0.962900 5480.914307

INFO:tensorflow:IInfo: 1493728527.345731 23.009280 0.966580 5059.509750

INFO:tensorflow:IInfo: 1493728614.583691 24.002560 0.960260 5592.528116

INFO:tensorflow:IInfo: 1493728702.720841 25.006080 0.977660 3446.222401

INFO:tensorflow:IInfo: 1493728790.852743 26.009600 0.965060 5033.653116

INFO:tensorflow:IInfo: 1493728878.103013 27.002880 0.975880 3596.357407

INFO:tensorflow:IInfo: 1493728966.280520 28.006400 0.960440 5616.062412

INFO:tensorflow:IInfo: 1493729054.456094 29.009920 0.979860 2922.203505

INFO:tensorflow:IInfo: 1493729141.697772 30.003200 0.989560 1733.233079

INFO:tensorflow:IInfo: 1493729229.834681 31.006720 0.996580 726.530750

