INFO:tensorflow:IInfo: 1493611368.630031 0.000000 0.101360 117892.999512

INFO:tensorflow:IInfo: 1493611456.223950 1.003520 0.400740 80325.277344

INFO:tensorflow:IInfo: 1493611543.162187 2.007040 0.572220 59747.084106

INFO:tensorflow:IInfo: 1493611628.872004 3.000320 0.604220 54183.976379

INFO:tensorflow:IInfo: 1493611715.490894 4.003840 0.678740 44530.537231

INFO:tensorflow:IInfo: 1493611802.057586 5.007360 0.708020 40470.814941

INFO:tensorflow:IInfo: 1493611887.740623 6.000640 0.751420 35123.907593

INFO:tensorflow:IInfo: 1493611974.330551 7.004160 0.784700 30638.770782

INFO:tensorflow:IInfo: 1493612060.872980 8.007680 0.802640 28216.662109

INFO:tensorflow:IInfo: 1493612146.496454 9.000960 0.812200 26660.675934

INFO:tensorflow:IInfo: 1493612232.989621 10.004480 0.831700 24077.412476

INFO:tensorflow:IInfo: 1493612319.466234 11.008000 0.849160 22066.358154

INFO:tensorflow:IInfo: 1493612405.060421 12.001280 0.826640 24666.854767

INFO:tensorflow:IInfo: 1493612491.599188 13.004800 0.880980 17317.548523

INFO:tensorflow:IInfo: 1493612578.137340 14.008320 0.888280 16239.456924

INFO:tensorflow:IInfo: 1493612663.753486 15.001600 0.892960 15388.337311

INFO:tensorflow:IInfo: 1493612750.232785 16.005120 0.914600 12725.489761

INFO:tensorflow:IInfo: 1493612836.745504 17.008640 0.912520 12714.208679

INFO:tensorflow:IInfo: 1493612922.372606 18.001920 0.927680 10885.012909

INFO:tensorflow:IInfo: 1493613008.899004 19.005440 0.936320 9629.590477

INFO:tensorflow:IInfo: 1493613095.402314 20.008960 0.932460 9757.583931

INFO:tensorflow:IInfo: 1493613181.020220 21.002240 0.934260 9331.343811

INFO:tensorflow:IInfo: 1493613267.536326 22.005760 0.943020 8221.849201

INFO:tensorflow:IInfo: 1493613354.059031 23.009280 0.958440 6187.625282

INFO:tensorflow:IInfo: 1493613439.687008 24.002560 0.966660 5087.851765

INFO:tensorflow:IInfo: 1493613526.223023 25.006080 0.972920 4264.332932

INFO:tensorflow:IInfo: 1493613612.752445 26.009600 0.958580 5968.003052

INFO:tensorflow:IInfo: 1493613698.375139 27.002880 0.948500 7314.561691

INFO:tensorflow:IInfo: 1493613784.912396 28.006400 0.976080 3706.722670

INFO:tensorflow:IInfo: 1493613871.420230 29.009920 0.987740 2188.272322

INFO:tensorflow:IInfo: 1493613956.994957 30.003200 0.978600 3293.115772

INFO:tensorflow:IInfo: 1493614043.473828 31.006720 0.995480 961.749054

