INFO:tensorflow:IInfo: 1493615732.014805 0.000000 0.107330 242878.747803

INFO:tensorflow:IInfo: 1493615840.643036 1.000320 0.607090 107773.077759

INFO:tensorflow:IInfo: 1493615948.492659 2.000000 0.726850 76718.607605

INFO:tensorflow:IInfo: 1493616056.504421 3.000320 0.793270 59199.687622

INFO:tensorflow:IInfo: 1493616164.298097 4.000000 0.827320 49335.015381

INFO:tensorflow:IInfo: 1493616272.255566 5.000320 0.849600 43395.930115

INFO:tensorflow:IInfo: 1493616380.040568 6.000000 0.876510 35984.423630

INFO:tensorflow:IInfo: 1493616488.011257 7.000320 0.885190 33479.358673

INFO:tensorflow:IInfo: 1493616595.842337 8.000000 0.908360 27057.349457

INFO:tensorflow:IInfo: 1493616703.866896 9.000320 0.905380 27186.545876

INFO:tensorflow:IInfo: 1493616811.719924 10.000000 0.909880 25695.551743

INFO:tensorflow:IInfo: 1493616919.727180 11.000320 0.931820 20309.326302

INFO:tensorflow:IInfo: 1493617027.577376 12.000000 0.932610 19264.445625

INFO:tensorflow:IInfo: 1493617135.537633 13.000320 0.943320 16731.848129

INFO:tensorflow:IInfo: 1493617243.421695 14.000000 0.951720 14324.760399

INFO:tensorflow:IInfo: 1493617351.423384 15.000320 0.947660 14822.954380

INFO:tensorflow:IInfo: 1493617459.220797 16.000000 0.962420 11252.302681

INFO:tensorflow:IInfo: 1493617567.151897 17.000320 0.969570 9288.676893

INFO:tensorflow:IInfo: 1493617675.010216 18.000000 0.966980 9688.964928

INFO:tensorflow:IInfo: 1493617782.967241 19.000320 0.969780 8892.911060

INFO:tensorflow:IInfo: 1493617890.725147 20.000000 0.976160 7081.611901

INFO:tensorflow:IInfo: 1493617998.640502 21.000320 0.973300 7504.379242

INFO:tensorflow:IInfo: 1493618106.403324 22.000000 0.985280 4791.683959

INFO:tensorflow:IInfo: 1493618214.361763 23.000320 0.987250 3937.757400

INFO:tensorflow:IInfo: 1493618322.207601 24.000000 0.986350 4345.067613

INFO:tensorflow:IInfo: 1493618430.107121 25.000320 0.986470 4137.788849

INFO:tensorflow:IInfo: 1493618537.930367 26.000000 0.987460 3970.742037

INFO:tensorflow:IInfo: 1493618646.174049 27.000320 0.983950 4781.787048

INFO:tensorflow:IInfo: 1493618753.991131 28.000000 0.988170 3596.649631

INFO:tensorflow:IInfo: 1493618861.873173 29.000320 0.992210 2542.258830

INFO:tensorflow:IInfo: 1493618969.723912 30.000000 0.991910 2602.957895

INFO:tensorflow:IInfo: 1493619077.722902 31.000320 0.990570 2917.071153

INFO:tensorflow:IInfo: 1493619185.538009 32.000000 0.990400 2904.278068

INFO:tensorflow:IInfo: 1493619293.355219 33.000320 0.992410 2400.978061

INFO:tensorflow:IInfo: 1493619401.123487 34.000000 0.991430 2500.135046

INFO:tensorflow:IInfo: 1493619509.093757 35.000320 0.995010 1748.586239

INFO:tensorflow:IInfo: 1493619616.887143 36.000000 0.994410 1813.610732

