INFO:tensorflow:IInfo: 1493601517.595830 0.000000 0.099880 237735.358154

INFO:tensorflow:IInfo: 1493601607.071070 1.003520 0.384470 168995.619019

INFO:tensorflow:IInfo: 1493601695.417621 2.007040 0.456080 147295.440063

INFO:tensorflow:IInfo: 1493601783.909573 3.010560 0.546710 124687.675049

INFO:tensorflow:IInfo: 1493601872.193744 4.014080 0.562850 120567.430298

INFO:tensorflow:IInfo: 1493601960.485567 5.017600 0.613520 107415.039246

INFO:tensorflow:IInfo: 1493602046.943254 6.000640 0.668830 93766.213623

INFO:tensorflow:IInfo: 1493602135.201898 7.004160 0.683320 88732.083679

INFO:tensorflow:IInfo: 1493602223.442585 8.007680 0.704290 82972.219971

INFO:tensorflow:IInfo: 1493602311.661882 9.011200 0.701460 82796.066040

INFO:tensorflow:IInfo: 1493602399.885409 10.014720 0.725330 77472.581970

INFO:tensorflow:IInfo: 1493602488.115119 11.018240 0.769260 65851.582031

INFO:tensorflow:IInfo: 1493602574.481040 12.001280 0.792630 59422.519501

INFO:tensorflow:IInfo: 1493602662.696742 13.004800 0.794620 58809.147400

INFO:tensorflow:IInfo: 1493602750.862878 14.008320 0.817850 52668.965851

INFO:tensorflow:IInfo: 1493602839.087228 15.011840 0.803340 56692.590454

INFO:tensorflow:IInfo: 1493602927.366820 16.015360 0.807750 54903.775757

INFO:tensorflow:IInfo: 1493603015.637216 17.018880 0.841340 45752.143921

INFO:tensorflow:IInfo: 1493603102.086598 18.001920 0.844640 44146.079132

INFO:tensorflow:IInfo: 1493603190.330862 19.005440 0.859500 40307.516785

INFO:tensorflow:IInfo: 1493603278.530388 20.008960 0.868190 38161.201965

INFO:tensorflow:IInfo: 1493603366.764517 21.012480 0.867370 37706.824860

INFO:tensorflow:IInfo: 1493603454.966492 22.016000 0.885750 33558.537781

INFO:tensorflow:IInfo: 1493603543.208420 23.019520 0.901890 28831.058136

INFO:tensorflow:IInfo: 1493603629.621156 24.002560 0.898560 29685.674789

INFO:tensorflow:IInfo: 1493603717.851506 25.006080 0.920430 23908.386887

INFO:tensorflow:IInfo: 1493603806.026242 26.009600 0.896580 29486.309250

INFO:tensorflow:IInfo: 1493603894.267295 27.013120 0.919900 23455.537910

INFO:tensorflow:IInfo: 1493603982.466835 28.016640 0.918490 23530.218369

INFO:tensorflow:IInfo: 1493604070.693093 29.020160 0.931110 20360.958900

INFO:tensorflow:IInfo: 1493604157.121241 30.003200 0.947700 15718.648407

INFO:tensorflow:IInfo: 1493604245.388425 31.006720 0.904310 27829.908966

INFO:tensorflow:IInfo: 1493604333.564603 32.010240 0.966010 11051.505692

INFO:tensorflow:IInfo: 1493604421.774050 33.013760 0.968520 10069.174881

INFO:tensorflow:IInfo: 1493604509.951736 34.017280 0.579340 158699.710815

INFO:tensorflow:IInfo: 1493604596.407773 35.000320 0.966690 11225.594814

INFO:tensorflow:IInfo: 1493604684.560033 36.003840 0.989880 5125.154657

INFO:tensorflow:IInfo: 1493604772.766823 37.007360 0.994630 3398.499405

INFO:tensorflow:IInfo: 1493604860.956882 38.010880 0.998510 1862.755147

INFO:tensorflow:IInfo: 1493604949.157051 39.014400 0.999220 1248.859622

