INFO:tensorflow:IInfo: 1493754396.283599 0.000000 0.074220 118608.467529

INFO:tensorflow:IInfo: 1493754504.999728 1.000320 0.645920 48371.522949

INFO:tensorflow:IInfo: 1493754613.206554 2.000000 0.752100 35659.911316

INFO:tensorflow:IInfo: 1493754721.384475 3.000320 0.793320 30181.966522

INFO:tensorflow:IInfo: 1493754829.442782 4.000000 0.829020 24837.673218

INFO:tensorflow:IInfo: 1493754937.542084 5.000320 0.853380 21273.902237

INFO:tensorflow:IInfo: 1493755045.578327 6.000000 0.867100 19381.150848

INFO:tensorflow:IInfo: 1493755153.575835 7.000320 0.881300 17157.818680

INFO:tensorflow:IInfo: 1493755261.600215 8.000000 0.905300 14120.425514

INFO:tensorflow:IInfo: 1493755369.493348 9.000320 0.914060 12650.152122

INFO:tensorflow:IInfo: 1493755477.559153 10.000000 0.930000 10705.498901

INFO:tensorflow:IInfo: 1493755585.702330 11.000320 0.933040 9980.233757

INFO:tensorflow:IInfo: 1493755693.866585 12.000000 0.934680 9518.471664

INFO:tensorflow:IInfo: 1493755801.811667 13.000320 0.936220 9040.976673

INFO:tensorflow:IInfo: 1493755909.867433 14.000000 0.953180 6872.991791

INFO:tensorflow:IInfo: 1493756017.976480 15.000320 0.954620 6611.074951

INFO:tensorflow:IInfo: 1493756126.041974 16.000000 0.959060 5970.273785

INFO:tensorflow:IInfo: 1493756234.155636 17.000320 0.967020 5036.702915

INFO:tensorflow:IInfo: 1493756342.282605 18.000000 0.966420 4808.452805

INFO:tensorflow:IInfo: 1493756450.446528 19.000320 0.974180 3833.241634

INFO:tensorflow:IInfo: 1493756558.488971 20.000000 0.974500 3780.000128

INFO:tensorflow:IInfo: 1493756666.554292 21.000320 0.976020 3514.455017

INFO:tensorflow:IInfo: 1493756774.693272 22.000000 0.983640 2509.832861

INFO:tensorflow:IInfo: 1493756882.743906 23.000320 0.977840 3266.027567

INFO:tensorflow:IInfo: 1493756991.027472 24.000000 0.975020 3655.603260

INFO:tensorflow:IInfo: 1493757099.299127 25.000320 0.986220 2025.848747

INFO:tensorflow:IInfo: 1493757207.618544 26.000000 0.987600 1888.973040

INFO:tensorflow:IInfo: 1493757315.868253 27.000320 0.989040 1630.171119

INFO:tensorflow:IInfo: 1493757424.233195 28.000000 0.989040 1681.904540

INFO:tensorflow:IInfo: 1493757532.513144 29.000320 0.990020 1527.383758

INFO:tensorflow:IInfo: 1493757640.809870 30.000000 0.989300 1692.591984

INFO:tensorflow:IInfo: 1493757749.243837 31.000320 0.990400 1397.131604

INFO:tensorflow:IInfo: 1493757857.534472 32.000000 0.993760 1041.274531

INFO:tensorflow:IInfo: 1493757965.769533 33.000320 0.993040 1124.622133

INFO:tensorflow:IInfo: 1493758074.415534 34.000000 0.994920 886.032429

INFO:tensorflow:IInfo: 1493758182.961552 35.000320 0.995320 790.705709

INFO:tensorflow:IInfo: 1493758291.248772 36.000000 0.994760 798.867535

