INFO:tensorflow:IInfo: 1493636637.118040 0.000000 0.063980 117101.969482

INFO:tensorflow:IInfo: 1493636732.808384 1.000960 0.622720 51878.425720

INFO:tensorflow:IInfo: 1493636828.089578 2.000640 0.734320 37586.555969

INFO:tensorflow:IInfo: 1493636923.405040 3.000320 0.790320 30098.075775

INFO:tensorflow:IInfo: 1493637018.769644 4.000000 0.827720 24867.857574

INFO:tensorflow:IInfo: 1493637114.274547 5.000960 0.845260 22345.638885

INFO:tensorflow:IInfo: 1493637209.743730 6.000640 0.872580 18725.243179

INFO:tensorflow:IInfo: 1493637305.151833 7.000320 0.877200 17653.647736

INFO:tensorflow:IInfo: 1493637400.453348 8.000000 0.887560 16109.452438

INFO:tensorflow:IInfo: 1493637495.823759 9.000960 0.909140 13496.923576

INFO:tensorflow:IInfo: 1493637591.115348 10.000640 0.923720 11296.394783

INFO:tensorflow:IInfo: 1493637686.365161 11.000320 0.927840 10478.367516

INFO:tensorflow:IInfo: 1493637781.565018 12.000000 0.937340 9228.099937

INFO:tensorflow:IInfo: 1493637876.897495 13.000960 0.939900 8458.693024

INFO:tensorflow:IInfo: 1493637972.085682 14.000640 0.950500 7290.789848

INFO:tensorflow:IInfo: 1493638067.316566 15.000320 0.954680 6707.574188

INFO:tensorflow:IInfo: 1493638162.548615 16.000000 0.955200 6401.613312

INFO:tensorflow:IInfo: 1493638257.833534 17.000960 0.960040 5858.030809

INFO:tensorflow:IInfo: 1493638353.013378 18.000640 0.978300 3522.920721

INFO:tensorflow:IInfo: 1493638448.177165 19.000320 0.964760 5052.707485

INFO:tensorflow:IInfo: 1493638543.412410 20.000000 0.977120 3410.533634

INFO:tensorflow:IInfo: 1493638638.690907 21.000960 0.968460 4403.563572

INFO:tensorflow:IInfo: 1493638733.875654 22.000640 0.977900 3184.860577

INFO:tensorflow:IInfo: 1493638829.061210 23.000320 0.973720 3661.223824

INFO:tensorflow:IInfo: 1493638924.227825 24.000000 0.983020 2488.632985

INFO:tensorflow:IInfo: 1493639019.514504 25.000960 0.977560 3116.066137

INFO:tensorflow:IInfo: 1493639114.688884 26.000640 0.986240 2060.080114

INFO:tensorflow:IInfo: 1493639209.834627 27.000320 0.987240 1954.852677

INFO:tensorflow:IInfo: 1493639305.001326 28.000000 0.980600 2708.672010

INFO:tensorflow:IInfo: 1493639400.299438 29.000960 0.992520 1250.715440

INFO:tensorflow:IInfo: 1493639495.509090 30.000640 0.993860 1052.357326

INFO:tensorflow:IInfo: 1493639590.702242 31.000320 0.989900 1545.100349

INFO:tensorflow:IInfo: 1493639686.016325 32.000000 0.986660 1886.346689

INFO:tensorflow:IInfo: 1493639781.428685 33.000960 0.993080 1077.869329

INFO:tensorflow:IInfo: 1493639876.683408 34.000640 0.991320 1333.926409

INFO:tensorflow:IInfo: 1493639971.797314 35.000320 0.995260 777.613987

INFO:tensorflow:IInfo: 1493640066.990405 36.000000 0.995320 799.919815

