INFO:tensorflow:IInfo: 1493726448.250955 0.000000 0.105900 119738.692139

INFO:tensorflow:IInfo: 1493726535.156189 1.013760 0.328040 87936.714844

INFO:tensorflow:IInfo: 1493726620.204189 2.027520 0.379200 82716.147705

INFO:tensorflow:IInfo: 1493726702.729422 3.010560 0.399120 81265.021362

INFO:tensorflow:IInfo: 1493726788.115535 4.024320 0.471400 70442.731567

INFO:tensorflow:IInfo: 1493726870.687080 5.007360 0.552900 61569.810425

INFO:tensorflow:IInfo: 1493726955.831686 6.021120 0.572480 58012.347168

INFO:tensorflow:IInfo: 1493727038.424848 7.004160 0.600780 53714.912231

INFO:tensorflow:IInfo: 1493727123.584502 8.017920 0.629320 50515.720276

INFO:tensorflow:IInfo: 1493727206.152173 9.000960 0.642380 49141.643005

INFO:tensorflow:IInfo: 1493727291.295563 10.014720 0.698080 41646.128601

INFO:tensorflow:IInfo: 1493727376.423853 11.028480 0.738360 36794.898926

INFO:tensorflow:IInfo: 1493727459.012236 12.011520 0.726280 38080.984985

INFO:tensorflow:IInfo: 1493727544.131225 13.025280 0.735280 37355.322571

INFO:tensorflow:IInfo: 1493727626.708674 14.008320 0.761860 33483.902527

INFO:tensorflow:IInfo: 1493727711.828396 15.022080 0.798080 28981.054382

INFO:tensorflow:IInfo: 1493727794.408611 16.005120 0.808920 27232.821808

INFO:tensorflow:IInfo: 1493727879.557640 17.018880 0.828480 24698.356079

INFO:tensorflow:IInfo: 1493727962.125234 18.001920 0.820820 25221.011200

INFO:tensorflow:IInfo: 1493728047.268857 19.015680 0.841760 22602.483856

INFO:tensorflow:IInfo: 1493728132.397938 20.029440 0.872060 18820.596619

INFO:tensorflow:IInfo: 1493728214.954144 21.012480 0.849740 21398.312988

INFO:tensorflow:IInfo: 1493728300.067797 22.026240 0.874940 17600.060150

INFO:tensorflow:IInfo: 1493728382.624157 23.009280 0.877860 17334.506195

INFO:tensorflow:IInfo: 1493728467.729435 24.023040 0.895440 15173.829025

INFO:tensorflow:IInfo: 1493728550.264150 25.006080 0.884200 16596.839966

INFO:tensorflow:IInfo: 1493728635.382634 26.019840 0.920540 11977.121429

INFO:tensorflow:IInfo: 1493728717.926178 27.002880 0.882620 16709.224304

INFO:tensorflow:IInfo: 1493728803.053579 28.016640 0.914460 12392.048752

INFO:tensorflow:IInfo: 1493728888.142438 29.030400 0.888700 15180.295776

INFO:tensorflow:IInfo: 1493728970.659163 30.013440 0.930300 10287.740372

INFO:tensorflow:IInfo: 1493729055.777684 31.027200 0.914720 11990.749939

INFO:tensorflow:IInfo: 1493729138.297673 32.010240 0.927460 10415.780563

INFO:tensorflow:IInfo: 1493729223.377918 33.024000 0.954220 6825.150848

INFO:tensorflow:IInfo: 1493729305.897789 34.007040 0.959600 6323.900322

INFO:tensorflow:IInfo: 1493729390.995948 35.020800 0.971260 4664.853603

INFO:tensorflow:IInfo: 1493729473.550971 36.003840 0.984540 2895.510868

INFO:tensorflow:IInfo: 1493729558.627467 37.017600 0.997180 1188.101302

INFO:tensorflow:IInfo: 1493729641.171039 38.000640 0.999180 655.107698

INFO:tensorflow:IInfo: 1493729726.264688 39.014400 0.999780 371.260564

