INFO:tensorflow:IInfo: 1493608377.836724 0.000000 0.103640 118999.981689

INFO:tensorflow:IInfo: 1493608465.889063 1.003520 0.506700 65664.792603

INFO:tensorflow:IInfo: 1493608553.322983 2.001920 0.634940 49473.022278

INFO:tensorflow:IInfo: 1493608640.883906 3.000320 0.699760 43203.037903

INFO:tensorflow:IInfo: 1493608728.924643 4.003840 0.849420 22186.124512

INFO:tensorflow:IInfo: 1493608816.536229 5.002240 0.897300 15144.487747

INFO:tensorflow:IInfo: 1493608904.110605 6.000640 0.961380 6470.141975

INFO:tensorflow:IInfo: 1493608992.134028 7.004160 0.969260 4974.821323

INFO:tensorflow:IInfo: 1493609079.667998 8.002560 0.992140 1454.280818

INFO:tensorflow:IInfo: 1493609167.250807 9.000960 0.999280 318.120787

