INFO:tensorflow:IInfo: 1493615545.420955 0.000000 0.103010 238737.364990

INFO:tensorflow:IInfo: 1493615633.822631 1.013760 0.286220 189231.844238

INFO:tensorflow:IInfo: 1493615720.832615 2.027520 0.408620 157823.439087

INFO:tensorflow:IInfo: 1493615805.175408 3.010560 0.461420 142594.403442

INFO:tensorflow:IInfo: 1493615892.375078 4.024320 0.478620 141278.831665

INFO:tensorflow:IInfo: 1493615976.741036 5.007360 0.555010 120784.857544

INFO:tensorflow:IInfo: 1493616063.703038 6.021120 0.586620 113284.917114

INFO:tensorflow:IInfo: 1493616148.079421 7.004160 0.605650 106792.766785

INFO:tensorflow:IInfo: 1493616235.072709 8.017920 0.615800 105467.129517

INFO:tensorflow:IInfo: 1493616319.388311 9.000960 0.659000 92664.388550

INFO:tensorflow:IInfo: 1493616406.371305 10.014720 0.665940 92009.869873

INFO:tensorflow:IInfo: 1493616493.377962 11.028480 0.722050 77666.440552

INFO:tensorflow:IInfo: 1493616577.754707 12.011520 0.714120 77332.530640

INFO:tensorflow:IInfo: 1493616664.739685 13.025280 0.740370 73191.466492

INFO:tensorflow:IInfo: 1493616749.127787 14.008320 0.758590 67810.536316

INFO:tensorflow:IInfo: 1493616836.131081 15.022080 0.768980 65459.634644

INFO:tensorflow:IInfo: 1493616920.477513 16.005120 0.794540 58575.057068

INFO:tensorflow:IInfo: 1493617007.469339 17.018880 0.790630 59618.772827

INFO:tensorflow:IInfo: 1493617091.773731 18.001920 0.798270 56670.260773

INFO:tensorflow:IInfo: 1493617178.730592 19.015680 0.821760 51217.039185

INFO:tensorflow:IInfo: 1493617265.650184 20.029440 0.812790 53114.855591

INFO:tensorflow:IInfo: 1493617350.016640 21.012480 0.828750 49131.889526

INFO:tensorflow:IInfo: 1493617436.947406 22.026240 0.859660 40838.792511

INFO:tensorflow:IInfo: 1493617521.243609 23.009280 0.800600 56068.923676

INFO:tensorflow:IInfo: 1493617608.177494 24.023040 0.869760 37866.134460

INFO:tensorflow:IInfo: 1493617692.556375 25.006080 0.880100 35517.634781

INFO:tensorflow:IInfo: 1493617779.489008 26.019840 0.883790 34137.085236

INFO:tensorflow:IInfo: 1493617863.810568 27.002880 0.891050 31500.491577

INFO:tensorflow:IInfo: 1493617950.781528 28.016640 0.890490 31562.082336

INFO:tensorflow:IInfo: 1493618037.797114 29.030400 0.882570 33537.357910

INFO:tensorflow:IInfo: 1493618122.198569 30.013440 0.874780 34946.156342

INFO:tensorflow:IInfo: 1493618209.219193 31.027200 0.875560 35096.815842

INFO:tensorflow:IInfo: 1493618293.615332 32.010240 0.930870 21077.427902

INFO:tensorflow:IInfo: 1493618380.632328 33.024000 0.910260 25448.858719

INFO:tensorflow:IInfo: 1493618464.948501 34.007040 0.924040 22185.809326

INFO:tensorflow:IInfo: 1493618551.873761 35.020800 0.670390 128242.124023

INFO:tensorflow:IInfo: 1493618636.181136 36.003840 0.930380 21926.847137

INFO:tensorflow:IInfo: 1493618723.098255 37.017600 0.959410 14194.886574

INFO:tensorflow:IInfo: 1493618807.383806 38.000640 0.970770 10724.943077

INFO:tensorflow:IInfo: 1493618894.335754 39.014400 0.975160 9273.734676

INFO:tensorflow:IInfo: 1493618981.233683 40.028160 0.861850 39679.871582

INFO:tensorflow:IInfo: 1493619065.507973 41.011200 0.986690 6106.868649

INFO:tensorflow:IInfo: 1493619152.385872 42.024960 0.990180 4750.921850

INFO:tensorflow:IInfo: 1493619236.707558 43.008000 0.995010 3131.416887

