INFO:tensorflow:IInfo: 1493606496.234585 0.000000 0.123680 119020.862793

INFO:tensorflow:IInfo: 1493606584.900507 1.003520 0.510980 67292.242676

INFO:tensorflow:IInfo: 1493606673.392748 2.001920 0.648560 49221.778442

INFO:tensorflow:IInfo: 1493606761.724250 3.000320 0.704200 41321.638062

INFO:tensorflow:IInfo: 1493606850.740637 4.003840 0.757560 34128.664734

INFO:tensorflow:IInfo: 1493606938.990195 5.002240 0.795300 29468.600098

INFO:tensorflow:IInfo: 1493607027.240376 6.000640 0.817660 26127.814453

INFO:tensorflow:IInfo: 1493607115.928917 7.004160 0.850580 21869.507141

INFO:tensorflow:IInfo: 1493607204.184132 8.002560 0.853760 21303.050079

INFO:tensorflow:IInfo: 1493607292.414195 9.000960 0.876840 18093.339005

INFO:tensorflow:IInfo: 1493607381.073252 10.004480 0.886900 16301.755707

INFO:tensorflow:IInfo: 1493607469.268956 11.002880 0.901800 14297.953323

INFO:tensorflow:IInfo: 1493607557.505848 12.001280 0.909820 13084.433853

INFO:tensorflow:IInfo: 1493607646.091916 13.004800 0.925180 10905.676598

INFO:tensorflow:IInfo: 1493607734.257513 14.003200 0.926160 10684.958099

INFO:tensorflow:IInfo: 1493607822.422441 15.001600 0.933860 9525.480980

INFO:tensorflow:IInfo: 1493607910.573084 16.000000 0.948400 7624.643127

INFO:tensorflow:IInfo: 1493607999.164515 17.003520 0.950380 7210.865723

INFO:tensorflow:IInfo: 1493608087.309564 18.001920 0.959040 6135.362690

INFO:tensorflow:IInfo: 1493608175.440021 19.000320 0.960720 5714.741837

INFO:tensorflow:IInfo: 1493608264.097803 20.003840 0.956580 6310.250515

INFO:tensorflow:IInfo: 1493608352.238547 21.002240 0.964160 5059.586422

INFO:tensorflow:IInfo: 1493608440.690970 22.000640 0.967200 4734.037006

INFO:tensorflow:IInfo: 1493608529.252488 23.004160 0.971840 4114.656378

INFO:tensorflow:IInfo: 1493608617.403051 24.002560 0.964440 4970.426979

INFO:tensorflow:IInfo: 1493608705.516846 25.000960 0.976460 3477.061302

INFO:tensorflow:IInfo: 1493608794.091712 26.004480 0.978640 3144.246489

INFO:tensorflow:IInfo: 1493608882.218813 27.002880 0.970000 4202.325329

INFO:tensorflow:IInfo: 1493608970.346714 28.001280 0.982580 2465.754956

INFO:tensorflow:IInfo: 1493609058.979901 29.004800 0.988640 1771.930336

INFO:tensorflow:IInfo: 1493609147.118125 30.003200 0.987360 1959.026758

INFO:tensorflow:IInfo: 1493609235.253198 31.001600 0.974700 3501.023560

INFO:tensorflow:IInfo: 1493609323.358412 32.000000 0.984900 2193.429371

INFO:tensorflow:IInfo: 1493609411.933368 33.003520 0.981220 2661.389990

INFO:tensorflow:IInfo: 1493609500.043657 34.001920 0.993460 1088.413263

INFO:tensorflow:IInfo: 1493609588.129953 35.000320 0.998600 340.176090

