INFO:tensorflow:IInfo: 1493624451.874234 0.000000 0.090840 119901.916504

INFO:tensorflow:IInfo: 1493624542.015043 1.000960 0.652520 48827.898926

INFO:tensorflow:IInfo: 1493624632.587515 2.001920 0.823920 24059.760590

INFO:tensorflow:IInfo: 1493624723.118183 3.000320 0.942500 9093.824326

INFO:tensorflow:IInfo: 1493624813.878947 4.001280 0.995940 921.639552

INFO:tensorflow:IInfo: 1493624904.626225 5.002240 1.000000 35.336786

INFO:tensorflow:IInfo: 1493624995.099099 6.000640 1.000000 12.283336

