INFO:tensorflow:IInfo: 1493615747.192222 0.000000 0.114880 118062.124512

INFO:tensorflow:IInfo: 1493615833.437796 1.003520 0.397240 79868.588257

INFO:tensorflow:IInfo: 1493615920.361286 2.007040 0.573920 58284.493042

INFO:tensorflow:IInfo: 1493616006.543747 3.000320 0.647220 48992.320923

INFO:tensorflow:IInfo: 1493616093.249479 4.003840 0.692480 41885.400024

INFO:tensorflow:IInfo: 1493616179.457820 5.007360 0.742020 34174.317139

INFO:tensorflow:IInfo: 1493616264.582640 6.000640 0.838460 23739.434601

INFO:tensorflow:IInfo: 1493616351.267358 7.004160 0.856840 20767.697601

INFO:tensorflow:IInfo: 1493616438.179700 8.007680 0.954660 8728.003075

INFO:tensorflow:IInfo: 1493616523.421025 9.000960 0.966060 7208.771614

INFO:tensorflow:IInfo: 1493616609.750169 10.004480 0.993680 2116.261894

INFO:tensorflow:IInfo: 1493616695.754630 11.008000 0.999900 385.500486

INFO:tensorflow:IInfo: 1493616781.395072 12.001280 0.999980 204.908394

