INFO:tensorflow:IInfo: 1493601670.718640 0.000000 0.107100 121351.696533

INFO:tensorflow:IInfo: 1493601757.794124 1.013760 0.375780 84220.564941

INFO:tensorflow:IInfo: 1493601842.867980 2.027520 0.408040 79419.286987

INFO:tensorflow:IInfo: 1493601925.358140 3.010560 0.427540 75715.009155

INFO:tensorflow:IInfo: 1493602010.683623 4.024320 0.507640 65831.290527

INFO:tensorflow:IInfo: 1493602093.175237 5.007360 0.533720 62390.375488

INFO:tensorflow:IInfo: 1493602178.232402 6.021120 0.614820 53415.024902

INFO:tensorflow:IInfo: 1493602260.746486 7.004160 0.632600 50955.932434

INFO:tensorflow:IInfo: 1493602345.810636 8.017920 0.624160 51163.517029

INFO:tensorflow:IInfo: 1493602428.306684 9.000960 0.699260 42073.806946

INFO:tensorflow:IInfo: 1493602513.382102 10.014720 0.713460 40434.448181

INFO:tensorflow:IInfo: 1493602598.449529 11.028480 0.741440 36776.459290

INFO:tensorflow:IInfo: 1493602680.953208 12.011520 0.725740 38181.108154

INFO:tensorflow:IInfo: 1493602766.028167 13.025280 0.748760 35396.035767

INFO:tensorflow:IInfo: 1493602848.536627 14.008320 0.782260 31008.752625

INFO:tensorflow:IInfo: 1493602933.593420 15.022080 0.777140 31384.165283

INFO:tensorflow:IInfo: 1493603016.098248 16.005120 0.804240 27942.064026

INFO:tensorflow:IInfo: 1493603101.153196 17.018880 0.785400 30609.859131

INFO:tensorflow:IInfo: 1493603183.648072 18.001920 0.809780 27491.746094

INFO:tensorflow:IInfo: 1493603268.702113 19.015680 0.837600 23006.947723

INFO:tensorflow:IInfo: 1493603353.756667 20.029440 0.850720 21056.184509

INFO:tensorflow:IInfo: 1493603436.245045 21.012480 0.891040 15980.133423

INFO:tensorflow:IInfo: 1493603521.317435 22.026240 0.878880 17884.338196

INFO:tensorflow:IInfo: 1493603603.799277 23.009280 0.897380 15306.097504

INFO:tensorflow:IInfo: 1493603688.851988 24.023040 0.878120 17575.354218

INFO:tensorflow:IInfo: 1493603771.341574 25.006080 0.916180 12580.490234

INFO:tensorflow:IInfo: 1493603856.405876 26.019840 0.983820 3821.231133

INFO:tensorflow:IInfo: 1493603938.892591 27.002880 0.975740 4235.979500

INFO:tensorflow:IInfo: 1493604024.244579 28.016640 0.563020 60785.847900

INFO:tensorflow:IInfo: 1493604109.289032 29.030400 0.739580 36667.228088

INFO:tensorflow:IInfo: 1493604191.777528 30.013440 0.791380 29555.445526

INFO:tensorflow:IInfo: 1493604276.818122 31.027200 0.848100 22256.540192

INFO:tensorflow:IInfo: 1493604359.313429 32.010240 0.902640 14854.085556

INFO:tensorflow:IInfo: 1493604444.354009 33.024000 0.919620 12456.738602

INFO:tensorflow:IInfo: 1493604526.853352 34.007040 0.960740 7208.530342

INFO:tensorflow:IInfo: 1493604611.893096 35.020800 0.880240 16644.549286

INFO:tensorflow:IInfo: 1493604694.381741 36.003840 0.989620 2974.078854

INFO:tensorflow:IInfo: 1493604779.432414 37.017600 0.996560 1656.008608

