INFO:tensorflow:IInfo: 1493617963.233199 0.000000 0.125600 117111.095703

INFO:tensorflow:IInfo: 1493618058.531431 1.000960 0.632540 50139.892700

INFO:tensorflow:IInfo: 1493618153.874860 2.000640 0.841700 22725.401062

INFO:tensorflow:IInfo: 1493618249.793246 3.000320 0.934160 9519.524910

INFO:tensorflow:IInfo: 1493618345.396149 4.000000 0.978740 3306.420727

INFO:tensorflow:IInfo: 1493618441.228124 5.000960 0.999300 296.369976

INFO:tensorflow:IInfo: 1493618536.983702 6.000640 0.973680 3944.029793

