INFO:tensorflow:IInfo: 1493604778.473552 0.000000 0.071140 121524.551270

INFO:tensorflow:IInfo: 1493604911.265070 1.000000 0.659340 47215.529602

INFO:tensorflow:IInfo: 1493605043.538471 2.000000 0.746220 35545.585999

INFO:tensorflow:IInfo: 1493605175.824369 3.000000 0.812580 27111.401855

INFO:tensorflow:IInfo: 1493605308.183683 4.000000 0.857860 20915.985031

INFO:tensorflow:IInfo: 1493605440.657778 5.000000 0.884100 16979.497894

INFO:tensorflow:IInfo: 1493605573.031800 6.000000 0.918580 12216.883476

INFO:tensorflow:IInfo: 1493605705.361553 7.000000 0.941740 9014.591927

INFO:tensorflow:IInfo: 1493605837.724090 8.000000 0.959760 6312.742149

INFO:tensorflow:IInfo: 1493605970.109793 9.000000 0.959760 6090.897949

INFO:tensorflow:IInfo: 1493606102.546579 10.000000 0.975520 3962.745842

INFO:tensorflow:IInfo: 1493606235.035560 11.000000 0.978780 3399.782402

INFO:tensorflow:IInfo: 1493606367.327679 12.000000 0.985420 2481.469969

INFO:tensorflow:IInfo: 1493606499.744886 13.000000 0.988540 1954.614464

INFO:tensorflow:IInfo: 1493606632.000998 14.000000 0.990100 1660.945384

INFO:tensorflow:IInfo: 1493606764.509224 15.000000 0.989920 1622.645846

INFO:tensorflow:IInfo: 1493606896.851447 16.000000 0.985520 2209.988119

INFO:tensorflow:IInfo: 1493607029.287943 17.000000 0.991380 1407.125119

INFO:tensorflow:IInfo: 1493607161.664147 18.000000 0.991200 1336.454799

INFO:tensorflow:IInfo: 1493607294.047472 19.000000 0.992300 1200.808169

INFO:tensorflow:IInfo: 1493607426.355931 20.000000 0.995300 807.293767

