INFO:tensorflow:IInfo: 1493615751.718356 0.000000 0.102820 122545.321289

INFO:tensorflow:IInfo: 1493615842.326023 1.000960 0.601080 55105.319092

INFO:tensorflow:IInfo: 1493615932.879911 2.001920 0.710540 40416.520569

INFO:tensorflow:IInfo: 1493616023.267441 3.000320 0.744500 35545.052673

INFO:tensorflow:IInfo: 1493616113.911146 4.001280 0.794300 28976.535919

INFO:tensorflow:IInfo: 1493616204.545307 5.002240 0.815400 26179.307037

INFO:tensorflow:IInfo: 1493616294.974874 6.000640 0.852020 21037.194946

INFO:tensorflow:IInfo: 1493616385.612469 7.001600 0.866040 19221.252533

INFO:tensorflow:IInfo: 1493616476.015596 8.000000 0.879160 17404.620651

INFO:tensorflow:IInfo: 1493616566.642030 9.000960 0.886640 16115.630020

INFO:tensorflow:IInfo: 1493616657.242431 10.001920 0.903520 14010.291641

INFO:tensorflow:IInfo: 1493616747.613876 11.000320 0.915980 12040.044289

INFO:tensorflow:IInfo: 1493616838.233257 12.001280 0.933980 9925.438072

INFO:tensorflow:IInfo: 1493616928.843480 13.002240 0.937460 9262.062691

INFO:tensorflow:IInfo: 1493617019.251322 14.000640 0.936660 9101.266693

INFO:tensorflow:IInfo: 1493617109.879099 15.001600 0.939940 8499.554909

INFO:tensorflow:IInfo: 1493617200.300616 16.000000 0.955300 6388.539330

INFO:tensorflow:IInfo: 1493617290.908199 17.000960 0.958640 6011.036453

INFO:tensorflow:IInfo: 1493617381.513871 18.001920 0.959320 5784.811436

INFO:tensorflow:IInfo: 1493617471.898170 19.000320 0.955000 6170.209366

INFO:tensorflow:IInfo: 1493617562.521677 20.001280 0.959760 5718.493996

INFO:tensorflow:IInfo: 1493617653.137234 21.002240 0.970080 4178.393356

INFO:tensorflow:IInfo: 1493617743.536288 22.000640 0.975160 3554.556637

INFO:tensorflow:IInfo: 1493617834.138941 23.001600 0.982880 2570.216760

INFO:tensorflow:IInfo: 1493617924.522176 24.000000 0.982700 2585.636068

INFO:tensorflow:IInfo: 1493618015.145591 25.000960 0.984280 2347.293344

INFO:tensorflow:IInfo: 1493618105.755636 26.001920 0.970080 4284.042330

INFO:tensorflow:IInfo: 1493618196.140559 27.000320 0.985800 2089.292275

INFO:tensorflow:IInfo: 1493618286.768320 28.001280 0.974720 3660.874058

INFO:tensorflow:IInfo: 1493618377.379314 29.002240 0.990940 1465.864484

INFO:tensorflow:IInfo: 1493618467.775906 30.000640 0.989640 1505.449778

INFO:tensorflow:IInfo: 1493618558.391603 31.001600 0.987740 1764.931220

INFO:tensorflow:IInfo: 1493618648.748441 32.000000 0.992660 1142.181188

INFO:tensorflow:IInfo: 1493618739.353959 33.000960 0.992860 1103.566582

INFO:tensorflow:IInfo: 1493618829.969426 34.001920 0.987880 1719.550263

INFO:tensorflow:IInfo: 1493618920.352504 35.000320 0.992780 1109.390443

INFO:tensorflow:IInfo: 1493619010.946176 36.001280 0.987520 1823.860081

INFO:tensorflow:IInfo: 1493619101.525126 37.002240 0.995420 728.688793

INFO:tensorflow:IInfo: 1493619191.904010 38.000640 0.995060 792.629107

