INFO:tensorflow:IInfo: 1493601450.723546 0.000000 0.080600 118574.885254

INFO:tensorflow:IInfo: 1493601536.722888 1.003520 0.398140 81032.840210

INFO:tensorflow:IInfo: 1493601621.624187 2.007040 0.464120 73473.958984

INFO:tensorflow:IInfo: 1493601706.884438 3.010560 0.542840 62088.383057

INFO:tensorflow:IInfo: 1493601791.922184 4.014080 0.654260 49278.944275

INFO:tensorflow:IInfo: 1493601876.951291 5.017600 0.647040 48284.572144

INFO:tensorflow:IInfo: 1493601960.227171 6.000640 0.717480 39495.993164

INFO:tensorflow:IInfo: 1493602045.238088 7.004160 0.656680 49209.270081

INFO:tensorflow:IInfo: 1493602130.253596 8.007680 0.757180 34861.960754

INFO:tensorflow:IInfo: 1493602215.262168 9.011200 0.994020 3597.312149

INFO:tensorflow:IInfo: 1493602300.274878 10.014720 1.000000 829.759182

