INFO:tensorflow:IInfo: 1493636829.912547 0.000000 0.112970 232183.940674

INFO:tensorflow:IInfo: 1493636925.612171 1.000960 0.618480 104852.212036

INFO:tensorflow:IInfo: 1493637020.741570 2.000640 0.729220 77220.384338

INFO:tensorflow:IInfo: 1493637115.801295 3.000320 0.789710 59956.610626

INFO:tensorflow:IInfo: 1493637210.843041 4.000000 0.822900 51021.175842

INFO:tensorflow:IInfo: 1493637306.285959 5.000960 0.846070 44792.346313

INFO:tensorflow:IInfo: 1493637401.617644 6.000640 0.876340 36593.589935

INFO:tensorflow:IInfo: 1493637497.057947 7.000320 0.875980 35871.153534

INFO:tensorflow:IInfo: 1493637592.619168 8.000000 0.899010 29931.593422

INFO:tensorflow:IInfo: 1493637688.298345 9.000960 0.894600 30152.792740

INFO:tensorflow:IInfo: 1493637783.721671 10.000640 0.912000 25523.380676

INFO:tensorflow:IInfo: 1493637878.885133 11.000320 0.927190 21264.614891

INFO:tensorflow:IInfo: 1493637974.485438 12.000000 0.943650 16509.501823

INFO:tensorflow:IInfo: 1493638070.120843 13.000960 0.946930 15577.332161

INFO:tensorflow:IInfo: 1493638165.345921 14.000640 0.943960 16093.788445

INFO:tensorflow:IInfo: 1493638260.642924 15.000320 0.948910 14726.555847

INFO:tensorflow:IInfo: 1493638356.066620 16.000000 0.959970 11482.220314

INFO:tensorflow:IInfo: 1493638451.356107 17.000960 0.958690 11677.616785

INFO:tensorflow:IInfo: 1493638546.552641 18.000640 0.962130 10970.213272

INFO:tensorflow:IInfo: 1493638641.943257 19.000320 0.973010 7979.186758

INFO:tensorflow:IInfo: 1493638737.217828 20.000000 0.974230 7559.756289

INFO:tensorflow:IInfo: 1493638832.524939 21.000960 0.973920 7487.537836

INFO:tensorflow:IInfo: 1493638927.772406 22.000640 0.976060 6801.619858

INFO:tensorflow:IInfo: 1493639022.933482 23.000320 0.979710 6008.145624

INFO:tensorflow:IInfo: 1493639118.152429 24.000000 0.983590 5063.275084

INFO:tensorflow:IInfo: 1493639213.590118 25.000960 0.984510 4592.878648

INFO:tensorflow:IInfo: 1493639308.850620 26.000640 0.985060 4335.424702

INFO:tensorflow:IInfo: 1493639404.144417 27.000320 0.986100 3956.246341

INFO:tensorflow:IInfo: 1493639499.350400 28.000000 0.987920 3583.088445

INFO:tensorflow:IInfo: 1493639594.838261 29.000960 0.989820 3083.392603

INFO:tensorflow:IInfo: 1493639690.113356 30.000640 0.989590 3092.108214

INFO:tensorflow:IInfo: 1493639785.342636 31.000320 0.992270 2481.192486

INFO:tensorflow:IInfo: 1493639880.633065 32.000000 0.992660 2216.586957

INFO:tensorflow:IInfo: 1493639976.001795 33.000960 0.988010 3467.750577

INFO:tensorflow:IInfo: 1493640071.106773 34.000640 0.989960 2998.330382

INFO:tensorflow:IInfo: 1493640166.575496 35.000320 0.993310 2040.447338

INFO:tensorflow:IInfo: 1493640261.865972 36.000000 0.993570 1946.238593

INFO:tensorflow:IInfo: 1493640357.128023 37.000960 0.990890 2728.221367

INFO:tensorflow:IInfo: 1493640452.486635 38.000640 0.995340 1572.189974

INFO:tensorflow:IInfo: 1493640547.918495 39.000320 0.996040 1261.368492

