INFO:tensorflow:IInfo: 1493601601.221046 0.000000 0.146840 117119.591553

INFO:tensorflow:IInfo: 1493601690.915088 1.000960 0.564080 58430.980591

INFO:tensorflow:IInfo: 1493601780.696023 2.001920 0.702540 41977.188232

INFO:tensorflow:IInfo: 1493601870.379306 3.000320 0.754840 34369.118408

INFO:tensorflow:IInfo: 1493601960.289943 4.001280 0.827100 24818.690704

INFO:tensorflow:IInfo: 1493602050.201381 5.002240 0.881960 17340.161179

INFO:tensorflow:IInfo: 1493602139.852740 6.000640 0.896160 15211.029259

INFO:tensorflow:IInfo: 1493602229.731207 7.001600 0.922100 11508.549988

INFO:tensorflow:IInfo: 1493602319.385993 8.000000 0.941160 8886.224854

INFO:tensorflow:IInfo: 1493602409.257168 9.000960 0.942020 8498.727234

INFO:tensorflow:IInfo: 1493602499.129218 10.001920 0.963940 5474.715263

INFO:tensorflow:IInfo: 1493602588.797163 11.000320 0.964400 5127.626373

INFO:tensorflow:IInfo: 1493602678.669421 12.001280 0.976400 3622.156227

INFO:tensorflow:IInfo: 1493602768.509107 13.002240 0.968140 4602.792068

INFO:tensorflow:IInfo: 1493602858.153649 14.000640 0.977700 3234.699867

INFO:tensorflow:IInfo: 1493602948.011627 15.001600 0.980080 3039.587317

INFO:tensorflow:IInfo: 1493603037.642606 16.000000 0.988180 1743.984200

INFO:tensorflow:IInfo: 1493603127.497265 17.000960 0.992140 1229.087958

INFO:tensorflow:IInfo: 1493603217.352667 18.001920 0.989280 1607.552565

INFO:tensorflow:IInfo: 1493603307.001635 19.000320 0.982580 2480.061440

INFO:tensorflow:IInfo: 1493603396.887578 20.001280 0.993100 1105.273313

INFO:tensorflow:IInfo: 1493603486.785602 21.002240 0.989620 1479.406982

INFO:tensorflow:IInfo: 1493603576.416995 22.000640 0.996080 715.811102

INFO:tensorflow:IInfo: 1493603666.289671 23.001600 0.993480 976.787694

