INFO:tensorflow:IInfo: 1493610474.424924 0.000000 0.147800 116782.921875

INFO:tensorflow:IInfo: 1493610582.913810 1.000320 0.662900 45091.480530

INFO:tensorflow:IInfo: 1493610690.868571 2.000000 0.772600 31320.455475

INFO:tensorflow:IInfo: 1493610798.895291 3.000320 0.873340 18502.817261

INFO:tensorflow:IInfo: 1493610906.740817 4.000000 0.930960 10364.384346

INFO:tensorflow:IInfo: 1493611014.695402 5.000320 0.968280 5062.687397

INFO:tensorflow:IInfo: 1493611122.568798 6.000000 0.974980 3984.130247

INFO:tensorflow:IInfo: 1493611230.528669 7.000320 0.973660 3711.594654

INFO:tensorflow:IInfo: 1493611338.288269 8.000000 0.989000 1859.162354

INFO:tensorflow:IInfo: 1493611446.242883 9.000320 0.991020 1387.326815

INFO:tensorflow:IInfo: 1493611554.056792 10.000000 0.996960 627.999542

