INFO:tensorflow:IInfo: 1493754427.717352 0.000000 0.104540 119505.208496

INFO:tensorflow:IInfo: 1493754516.811928 1.000960 0.564360 59743.405884

INFO:tensorflow:IInfo: 1493754605.346678 2.001920 0.703920 41833.414795

INFO:tensorflow:IInfo: 1493754693.669623 3.000320 0.764960 33394.946625

INFO:tensorflow:IInfo: 1493754782.215547 4.001280 0.808000 27383.092468

INFO:tensorflow:IInfo: 1493754870.740555 5.002240 0.832860 24018.047058

INFO:tensorflow:IInfo: 1493754959.039717 6.000640 0.851960 21282.774445

INFO:tensorflow:IInfo: 1493755047.581549 7.001600 0.869180 19039.336304

INFO:tensorflow:IInfo: 1493755135.910953 8.000000 0.878340 17442.278992

INFO:tensorflow:IInfo: 1493755224.441230 9.000960 0.899380 14365.334885

INFO:tensorflow:IInfo: 1493755312.969822 10.001920 0.917460 12244.644104

INFO:tensorflow:IInfo: 1493755401.260397 11.000320 0.916900 11940.917297

INFO:tensorflow:IInfo: 1493755489.784610 12.001280 0.935680 9492.802704

INFO:tensorflow:IInfo: 1493755578.333613 13.002240 0.938700 8937.632706

INFO:tensorflow:IInfo: 1493755666.650921 14.000640 0.949700 7398.134552

INFO:tensorflow:IInfo: 1493755755.196883 15.001600 0.951220 7015.616455

INFO:tensorflow:IInfo: 1493755843.483364 16.000000 0.957660 6248.166721

INFO:tensorflow:IInfo: 1493755932.026134 17.000960 0.948060 7186.147926

INFO:tensorflow:IInfo: 1493756020.571632 18.001920 0.962000 5446.080639

INFO:tensorflow:IInfo: 1493756108.897308 19.000320 0.967960 4600.548389

INFO:tensorflow:IInfo: 1493756197.422190 20.001280 0.964100 4872.998856

INFO:tensorflow:IInfo: 1493756285.968046 21.002240 0.977960 3301.811174

INFO:tensorflow:IInfo: 1493756374.254311 22.000640 0.982240 2740.168438

INFO:tensorflow:IInfo: 1493756462.836835 23.001600 0.978040 3209.564425

INFO:tensorflow:IInfo: 1493756551.214390 24.000000 0.985200 2268.857204

INFO:tensorflow:IInfo: 1493756639.733098 25.000960 0.970220 4236.184650

INFO:tensorflow:IInfo: 1493756728.283712 26.001920 0.983240 2474.019002

INFO:tensorflow:IInfo: 1493756816.682381 27.000320 0.984840 2269.864592

INFO:tensorflow:IInfo: 1493756905.246509 28.001280 0.985480 2084.169622

INFO:tensorflow:IInfo: 1493756993.760622 29.002240 0.988520 1708.321580

INFO:tensorflow:IInfo: 1493757082.031949 30.000640 0.981140 2799.285353

INFO:tensorflow:IInfo: 1493757170.590002 31.001600 0.991780 1320.543315

INFO:tensorflow:IInfo: 1493757258.927744 32.000000 0.989200 1530.575393

INFO:tensorflow:IInfo: 1493757347.441436 33.000960 0.992980 1113.389474

INFO:tensorflow:IInfo: 1493757435.924305 34.001920 0.989120 1542.670872

INFO:tensorflow:IInfo: 1493757524.270872 35.000320 0.987980 1732.248820

INFO:tensorflow:IInfo: 1493757612.801101 36.001280 0.988840 1640.330264

INFO:tensorflow:IInfo: 1493757701.311798 37.002240 0.992300 1145.138361

INFO:tensorflow:IInfo: 1493757789.576293 38.000640 0.988140 1663.785645

INFO:tensorflow:IInfo: 1493757878.124394 39.001600 0.992820 1004.162794

INFO:tensorflow:IInfo: 1493757966.449381 40.000000 0.996040 626.504519

INFO:tensorflow:IInfo: 1493758054.974609 41.000960 0.995340 688.700910

INFO:tensorflow:IInfo: 1493758143.513893 42.001920 0.995960 642.446111

