INFO:tensorflow:IInfo: 1493636650.015718 0.000000 0.100320 118337.649414

INFO:tensorflow:IInfo: 1493636736.883653 1.003520 0.405800 81205.476196

INFO:tensorflow:IInfo: 1493636822.683528 2.007040 0.465960 72806.822266

INFO:tensorflow:IInfo: 1493636908.699633 3.010560 0.548620 62137.527832

INFO:tensorflow:IInfo: 1493636994.475040 4.014080 0.557720 58990.918213

INFO:tensorflow:IInfo: 1493637080.250194 5.017600 0.614520 52199.593079

INFO:tensorflow:IInfo: 1493637164.297602 6.000640 0.637940 49077.145874

INFO:tensorflow:IInfo: 1493637250.050066 7.004160 0.693660 42641.890747

INFO:tensorflow:IInfo: 1493637335.820848 8.007680 0.683500 43229.562927

INFO:tensorflow:IInfo: 1493637421.601419 9.011200 0.742480 36535.270264

INFO:tensorflow:IInfo: 1493637507.416726 10.014720 0.739760 36826.395142

INFO:tensorflow:IInfo: 1493637593.167607 11.018240 0.756800 33913.194702

INFO:tensorflow:IInfo: 1493637677.199195 12.001280 0.776440 31796.275635

INFO:tensorflow:IInfo: 1493637762.983969 13.004800 0.798220 29040.361694

INFO:tensorflow:IInfo: 1493637848.750816 14.008320 0.807260 27449.772156

INFO:tensorflow:IInfo: 1493637934.520895 15.011840 0.811200 26897.203644

INFO:tensorflow:IInfo: 1493638020.313148 16.015360 0.839600 23239.091705

INFO:tensorflow:IInfo: 1493638106.107586 17.018880 0.855820 21323.207275

INFO:tensorflow:IInfo: 1493638190.164353 18.001920 0.851800 21349.394592

INFO:tensorflow:IInfo: 1493638275.924819 19.005440 0.876020 18342.149811

INFO:tensorflow:IInfo: 1493638361.707116 20.008960 0.872240 18552.410828

INFO:tensorflow:IInfo: 1493638447.483256 21.012480 0.880460 17393.097549

INFO:tensorflow:IInfo: 1493638533.260704 22.016000 0.894320 15521.166916

INFO:tensorflow:IInfo: 1493638619.015288 23.019520 0.904260 14157.102829

INFO:tensorflow:IInfo: 1493638703.064369 24.002560 0.909080 13548.489639

INFO:tensorflow:IInfo: 1493638788.849507 25.006080 0.924140 11483.627106

INFO:tensorflow:IInfo: 1493638874.645722 26.009600 0.923000 11485.184586

INFO:tensorflow:IInfo: 1493638960.421202 27.013120 0.907400 13263.048126

INFO:tensorflow:IInfo: 1493639046.174323 28.016640 0.936400 9642.743668

INFO:tensorflow:IInfo: 1493639131.959977 29.020160 0.945560 8420.811272

INFO:tensorflow:IInfo: 1493639215.997806 30.003200 0.858660 21191.143341

INFO:tensorflow:IInfo: 1493639301.755838 31.006720 0.931320 9781.422211

INFO:tensorflow:IInfo: 1493639387.498267 32.010240 0.941060 8442.184425

INFO:tensorflow:IInfo: 1493639473.247449 33.013760 0.920280 11222.504608

INFO:tensorflow:IInfo: 1493639558.982978 34.017280 0.922660 11046.796814

INFO:tensorflow:IInfo: 1493639642.977290 35.000320 0.983300 3175.129377

INFO:tensorflow:IInfo: 1493639728.730410 36.003840 0.994960 1570.880909

INFO:tensorflow:IInfo: 1493639814.481790 37.007360 0.999520 652.062797

