INFO:tensorflow:IInfo: 1493601494.765836 0.000000 0.100880 240051.019775

INFO:tensorflow:IInfo: 1493601584.922396 1.000960 0.615780 106663.381592

INFO:tensorflow:IInfo: 1493601674.867885 2.001920 0.705280 82119.875671

INFO:tensorflow:IInfo: 1493601764.756018 3.000320 0.774590 64173.049072

INFO:tensorflow:IInfo: 1493601854.897121 4.001280 0.811420 54242.483215

INFO:tensorflow:IInfo: 1493601945.074959 5.002240 0.837260 47389.338608

INFO:tensorflow:IInfo: 1493602035.033415 6.000640 0.860390 40307.055237

INFO:tensorflow:IInfo: 1493602125.211776 7.001600 0.870100 37927.887970

INFO:tensorflow:IInfo: 1493602215.071108 8.000000 0.881540 34137.979187

INFO:tensorflow:IInfo: 1493602305.073762 9.000960 0.907750 27022.814110

INFO:tensorflow:IInfo: 1493602395.570999 10.001920 0.919090 23505.681252

INFO:tensorflow:IInfo: 1493602485.634389 11.000320 0.918130 24075.413589

INFO:tensorflow:IInfo: 1493602575.741969 12.001280 0.934520 19053.046772

INFO:tensorflow:IInfo: 1493602665.876672 13.002240 0.940120 17184.734009

INFO:tensorflow:IInfo: 1493602755.724058 14.000640 0.937150 18139.509430

INFO:tensorflow:IInfo: 1493602845.767898 15.001600 0.949080 14677.117672

INFO:tensorflow:IInfo: 1493602935.708897 16.000000 0.953100 13517.434013

INFO:tensorflow:IInfo: 1493603025.849357 17.000960 0.952040 13830.392536

INFO:tensorflow:IInfo: 1493603116.063973 18.001920 0.962970 10540.720171

INFO:tensorflow:IInfo: 1493603205.913327 19.000320 0.960520 11172.472046

INFO:tensorflow:IInfo: 1493603296.014213 20.001280 0.973610 7882.525758

INFO:tensorflow:IInfo: 1493603386.086464 21.002240 0.978360 6276.390418

INFO:tensorflow:IInfo: 1493603476.042286 22.000640 0.979880 5951.553418

INFO:tensorflow:IInfo: 1493603566.171899 23.001600 0.977930 6356.885834

INFO:tensorflow:IInfo: 1493603656.051470 24.000000 0.983430 4974.694039

INFO:tensorflow:IInfo: 1493603746.170915 25.000960 0.977640 6471.239336

INFO:tensorflow:IInfo: 1493603836.405302 26.001920 0.980790 5534.179319

INFO:tensorflow:IInfo: 1493603926.425443 27.000320 0.988150 3539.307768

INFO:tensorflow:IInfo: 1493604016.500498 28.001280 0.982900 4820.365749

INFO:tensorflow:IInfo: 1493604106.716054 29.002240 0.988140 3638.341437

INFO:tensorflow:IInfo: 1493604196.550850 30.000640 0.988960 3236.700555

INFO:tensorflow:IInfo: 1493604286.778289 31.001600 0.989760 3065.746424

INFO:tensorflow:IInfo: 1493604376.649113 32.000000 0.992760 2276.369161

INFO:tensorflow:IInfo: 1493604466.699826 33.000960 0.992080 2345.369601

INFO:tensorflow:IInfo: 1493604556.742598 34.001920 0.990160 2906.922487

INFO:tensorflow:IInfo: 1493604646.608251 35.000320 0.991520 2352.834455

INFO:tensorflow:IInfo: 1493604736.863085 36.001280 0.993080 2096.031823

INFO:tensorflow:IInfo: 1493604827.069907 37.002240 0.990630 2741.263356

INFO:tensorflow:IInfo: 1493604917.080989 38.000640 0.989300 3103.925838

INFO:tensorflow:IInfo: 1493605007.377489 39.001600 0.993690 1894.109357

INFO:tensorflow:IInfo: 1493605097.420675 40.000000 0.994220 1802.571393

INFO:tensorflow:IInfo: 1493605187.602929 41.000960 0.994890 1584.773422

INFO:tensorflow:IInfo: 1493605277.771571 42.001920 0.997180 969.358709

INFO:tensorflow:IInfo: 1493605367.612138 43.000320 0.997940 690.767845

INFO:tensorflow:IInfo: 1493605457.632678 44.001280 0.996480 1040.148257

