INFO:tensorflow:IInfo: 1493624223.050078 0.000000 0.102200 116901.286865

INFO:tensorflow:IInfo: 1493624310.870245 1.013760 0.344980 87502.138428

INFO:tensorflow:IInfo: 1493624397.733277 2.027520 0.410720 79032.468262

INFO:tensorflow:IInfo: 1493624482.289483 3.010560 0.499860 68308.725220

INFO:tensorflow:IInfo: 1493624570.421352 4.024320 0.509880 64706.027954

INFO:tensorflow:IInfo: 1493624654.719227 5.007360 0.557020 60340.836914

INFO:tensorflow:IInfo: 1493624741.350021 6.021120 0.553460 60520.959961

INFO:tensorflow:IInfo: 1493624825.594291 7.004160 0.631620 50879.843994

INFO:tensorflow:IInfo: 1493624912.435783 8.017920 0.613860 52941.896729

INFO:tensorflow:IInfo: 1493624996.149046 9.000960 0.677680 44349.402161

INFO:tensorflow:IInfo: 1493625083.018742 10.014720 0.703240 41568.591553

INFO:tensorflow:IInfo: 1493625170.100066 11.028480 0.716480 39722.842468

INFO:tensorflow:IInfo: 1493625254.101412 12.011520 0.737680 36792.152039

INFO:tensorflow:IInfo: 1493625340.911306 13.025280 0.722160 38838.231445

INFO:tensorflow:IInfo: 1493625425.133689 14.008320 0.769560 32692.897583

INFO:tensorflow:IInfo: 1493625511.394677 15.022080 0.792700 29686.828552

INFO:tensorflow:IInfo: 1493625595.058109 16.005120 0.803060 28299.805786

INFO:tensorflow:IInfo: 1493625681.626080 17.018880 0.804080 28210.782288

INFO:tensorflow:IInfo: 1493625765.123434 18.001920 0.812160 26694.605743

INFO:tensorflow:IInfo: 1493625851.800720 19.015680 0.823680 25438.917816

INFO:tensorflow:IInfo: 1493625938.373533 20.029440 0.827160 24431.244507

INFO:tensorflow:IInfo: 1493626022.222074 21.012480 0.836120 23244.924561

INFO:tensorflow:IInfo: 1493626108.999272 22.026240 0.864800 19636.478027

INFO:tensorflow:IInfo: 1493626193.093730 23.009280 0.866140 19143.751678

INFO:tensorflow:IInfo: 1493626279.570027 24.023040 0.863220 19457.788452

INFO:tensorflow:IInfo: 1493626363.046499 25.006080 0.864040 19297.333801

INFO:tensorflow:IInfo: 1493626449.598072 26.019840 0.869220 18338.512329

INFO:tensorflow:IInfo: 1493626533.500084 27.002880 0.896580 15132.328262

INFO:tensorflow:IInfo: 1493626620.142811 28.016640 0.895900 15197.624268

INFO:tensorflow:IInfo: 1493626706.323355 29.030400 0.925540 11238.316498

INFO:tensorflow:IInfo: 1493626789.939465 30.013440 0.898400 14284.721970

INFO:tensorflow:IInfo: 1493626876.556371 31.027200 0.923540 11302.444489

INFO:tensorflow:IInfo: 1493626960.599509 32.010240 0.925020 11261.757370

INFO:tensorflow:IInfo: 1493627047.019887 33.024000 0.929600 10122.782455

INFO:tensorflow:IInfo: 1493627130.692243 34.007040 0.776340 34260.443542

INFO:tensorflow:IInfo: 1493627217.147017 35.020800 0.954260 7379.860764

INFO:tensorflow:IInfo: 1493627300.925606 36.003840 0.957600 6702.177483

INFO:tensorflow:IInfo: 1493627387.191284 37.017600 0.832160 26908.714783

INFO:tensorflow:IInfo: 1493627470.803971 38.000640 0.975320 4640.834385

INFO:tensorflow:IInfo: 1493627556.942837 39.014400 0.990240 2669.810915

INFO:tensorflow:IInfo: 1493627643.243352 40.028160 0.994820 1760.639463

INFO:tensorflow:IInfo: 1493627726.852805 41.011200 0.998740 1065.321311

