INFO:tensorflow:IInfo: 1493610392.184405 0.000000 0.105680 119553.969727

INFO:tensorflow:IInfo: 1493610500.116693 1.000320 0.608920 53615.870483

INFO:tensorflow:IInfo: 1493610607.607318 2.000000 0.779240 31887.207581

INFO:tensorflow:IInfo: 1493610715.120487 3.000320 0.831440 24519.065155

INFO:tensorflow:IInfo: 1493610822.494276 4.000000 0.856680 20818.683212

INFO:tensorflow:IInfo: 1493610929.964803 5.000320 0.897580 15152.001068

INFO:tensorflow:IInfo: 1493611037.390935 6.000000 0.935700 10062.912827

INFO:tensorflow:IInfo: 1493611144.883452 7.000320 0.949100 8124.176601

INFO:tensorflow:IInfo: 1493611252.372913 8.000000 0.950620 7470.601189

INFO:tensorflow:IInfo: 1493611359.937803 9.000320 0.968460 4956.229296

INFO:tensorflow:IInfo: 1493611467.415527 10.000000 0.966200 5108.607464

INFO:tensorflow:IInfo: 1493611574.960073 11.000320 0.977200 3678.115553

INFO:tensorflow:IInfo: 1493611682.419440 12.000000 0.976740 3608.791790

INFO:tensorflow:IInfo: 1493611789.956187 13.000320 0.980620 3092.025183

INFO:tensorflow:IInfo: 1493611897.406459 14.000000 0.988000 1970.171664

INFO:tensorflow:IInfo: 1493612004.912071 15.000320 0.990220 1590.561321

INFO:tensorflow:IInfo: 1493612112.291771 16.000000 0.988580 1741.149340

INFO:tensorflow:IInfo: 1493612219.797338 17.000320 0.988000 1758.911699

INFO:tensorflow:IInfo: 1493612327.264321 18.000000 0.994560 919.426245

INFO:tensorflow:IInfo: 1493612434.781111 19.000320 0.993300 1130.837163

INFO:tensorflow:IInfo: 1493612542.243128 20.000000 0.992300 1252.668331

INFO:tensorflow:IInfo: 1493612649.728874 21.000320 0.995060 813.445020

