INFO:tensorflow:IInfo: 1493319014.260025 0.000000 0.100180 119755.765625

INFO:tensorflow:IInfo: 1493319109.189881 1.000960 0.658880 48483.880432

INFO:tensorflow:IInfo: 1493319203.791240 2.000640 0.733420 37745.331238

INFO:tensorflow:IInfo: 1493319298.216078 3.000320 0.781620 31316.709686

INFO:tensorflow:IInfo: 1493319392.492839 4.000000 0.823640 25476.412506

INFO:tensorflow:IInfo: 1493319486.955237 5.000960 0.848560 22095.803131

INFO:tensorflow:IInfo: 1493319581.300018 6.000640 0.861920 19865.554428

INFO:tensorflow:IInfo: 1493319675.658455 7.000320 0.885140 16634.592896

INFO:tensorflow:IInfo: 1493319769.930266 8.000000 0.891360 15560.400284

INFO:tensorflow:IInfo: 1493319864.363539 9.000960 0.900940 14288.189171

INFO:tensorflow:IInfo: 1493319958.733689 10.000640 0.916120 12341.720039

INFO:tensorflow:IInfo: 1493320053.098662 11.000320 0.929340 10416.389496

INFO:tensorflow:IInfo: 1493320147.393455 12.000000 0.936220 9462.075592

INFO:tensorflow:IInfo: 1493320241.805160 13.000960 0.939280 8791.358398

INFO:tensorflow:IInfo: 1493320336.136645 14.000640 0.935800 9062.563583

INFO:tensorflow:IInfo: 1493320430.483585 15.000320 0.948420 7410.341125

INFO:tensorflow:IInfo: 1493320524.764466 16.000000 0.958200 6360.253830

INFO:tensorflow:IInfo: 1493320619.162525 17.000960 0.969540 4648.824142

INFO:tensorflow:IInfo: 1493320713.513987 18.000640 0.958380 5849.986588

INFO:tensorflow:IInfo: 1493320807.859942 19.000320 0.964940 5038.987942

INFO:tensorflow:IInfo: 1493320902.143250 20.000000 0.979560 3115.288502

INFO:tensorflow:IInfo: 1493320996.490291 21.000960 0.976640 3476.398458

INFO:tensorflow:IInfo: 1493321090.797593 22.000640 0.982580 2660.584110

INFO:tensorflow:IInfo: 1493321185.158190 23.000320 0.982160 2616.250305

INFO:tensorflow:IInfo: 1493321279.444319 24.000000 0.971720 4043.738016

INFO:tensorflow:IInfo: 1493321374.091790 25.000960 0.982680 2531.903079

INFO:tensorflow:IInfo: 1493321469.226973 26.000640 0.979460 2968.262304

INFO:tensorflow:IInfo: 1493321564.369141 27.000320 0.989300 1697.016472

INFO:tensorflow:IInfo: 1493321659.535785 28.000000 0.986940 1928.487360

INFO:tensorflow:IInfo: 1493321754.802428 29.000960 0.984960 2216.814653

INFO:tensorflow:IInfo: 1493321849.958062 30.000640 0.989820 1455.440625

INFO:tensorflow:IInfo: 1493321945.149557 31.000320 0.990340 1451.872635

INFO:tensorflow:IInfo: 1493322040.307933 32.000000 0.989040 1648.902239

INFO:tensorflow:IInfo: 1493322135.615735 33.000960 0.995640 743.534795

INFO:tensorflow:IInfo: 1493322230.847535 34.000640 0.992900 1127.644864

INFO:tensorflow:IInfo: 1493322326.149437 35.000320 0.993720 980.600183

