INFO:tensorflow:IInfo: 1493428671.840879 0.000000 0.090300 118613.252930

INFO:tensorflow:IInfo: 1493428762.713462 1.003520 0.354040 87915.538818

INFO:tensorflow:IInfo: 1493428852.711612 2.007040 0.475880 71756.164551

INFO:tensorflow:IInfo: 1493428942.672679 3.010560 0.537480 63472.331665

INFO:tensorflow:IInfo: 1493429032.431494 4.014080 0.586020 57035.370483

INFO:tensorflow:IInfo: 1493429122.218701 5.017600 0.625420 51323.513489

INFO:tensorflow:IInfo: 1493429210.211519 6.000640 0.637320 49643.997253

INFO:tensorflow:IInfo: 1493429299.947211 7.004160 0.689500 42113.469299

INFO:tensorflow:IInfo: 1493429389.735736 8.007680 0.693500 42289.352600

INFO:tensorflow:IInfo: 1493429479.524030 9.011200 0.755060 34177.424805

INFO:tensorflow:IInfo: 1493429569.307494 10.014720 0.752200 34567.275574

INFO:tensorflow:IInfo: 1493429659.043390 11.018240 0.716680 39668.752625

INFO:tensorflow:IInfo: 1493429746.977293 12.001280 0.807880 27388.125305

INFO:tensorflow:IInfo: 1493429836.718072 13.004800 0.795560 28761.861237

INFO:tensorflow:IInfo: 1493429926.483715 14.008320 0.814540 26635.480042

INFO:tensorflow:IInfo: 1493430016.222946 15.011840 0.801980 28113.784729

INFO:tensorflow:IInfo: 1493430106.006018 16.015360 0.899940 15772.723557

INFO:tensorflow:IInfo: 1493430195.786822 17.018880 0.905940 14356.588821

INFO:tensorflow:IInfo: 1493430283.708156 18.001920 0.932400 10911.836304

INFO:tensorflow:IInfo: 1493430373.478627 19.005440 0.909400 13330.648071

INFO:tensorflow:IInfo: 1493430463.223816 20.008960 0.949280 8052.450432

INFO:tensorflow:IInfo: 1493430552.965269 21.012480 0.938460 10217.345978

INFO:tensorflow:IInfo: 1493430642.728466 22.016000 0.986200 3526.951210

INFO:tensorflow:IInfo: 1493430732.471093 23.019520 0.994820 1902.403683

INFO:tensorflow:IInfo: 1493430820.398842 24.002560 0.998680 946.608763

INFO:tensorflow:IInfo: 1493430910.150157 25.006080 0.999820 462.779836

INFO:tensorflow:IInfo: 1493430999.941969 26.009600 0.999900 322.505573

