INFO:tensorflow:IInfo: 1493321108.173392 0.000000 0.100840 118897.869873

INFO:tensorflow:IInfo: 1493321203.095695 1.000960 0.592460 55537.163940

INFO:tensorflow:IInfo: 1493321297.469827 2.000640 0.742160 35794.680542

INFO:tensorflow:IInfo: 1493321391.925934 3.000320 0.839340 22587.070694

INFO:tensorflow:IInfo: 1493321486.405020 4.000000 0.904740 13367.442467

INFO:tensorflow:IInfo: 1493321580.975032 5.000960 0.962160 5938.144295

INFO:tensorflow:IInfo: 1493321675.422871 6.000640 0.967580 4994.855629

INFO:tensorflow:IInfo: 1493321770.003618 7.000320 0.985540 2342.280615

INFO:tensorflow:IInfo: 1493321864.481364 8.000000 0.985640 2219.765047

INFO:tensorflow:IInfo: 1493321959.176729 9.000960 0.988360 1881.508062

INFO:tensorflow:IInfo: 1493322053.681355 10.000640 0.997080 601.184549

INFO:tensorflow:IInfo: 1493322148.200087 11.000320 0.996240 591.140604

INFO:tensorflow:IInfo: 1493322242.700876 12.000000 0.997160 538.783417

