INFO:tensorflow:IInfo: 1493319277.825925 0.000000 0.077320 238324.013916

INFO:tensorflow:IInfo: 1493319412.035411 1.000000 0.637900 100776.706055

INFO:tensorflow:IInfo: 1493319545.926371 2.000000 0.731430 75324.383301

INFO:tensorflow:IInfo: 1493319679.804567 3.000000 0.792670 59813.031250

INFO:tensorflow:IInfo: 1493319813.706502 4.000000 0.814080 53542.906830

INFO:tensorflow:IInfo: 1493319947.576008 5.000000 0.837810 47010.726440

INFO:tensorflow:IInfo: 1493320081.480584 6.000000 0.869220 37926.124542

INFO:tensorflow:IInfo: 1493320215.395970 7.000000 0.876320 35520.853241

INFO:tensorflow:IInfo: 1493320349.350890 8.000000 0.894050 30751.643005

INFO:tensorflow:IInfo: 1493320483.380206 9.000000 0.907800 27259.987930

INFO:tensorflow:IInfo: 1493320617.325037 10.000000 0.916290 24137.396797

INFO:tensorflow:IInfo: 1493320751.325712 11.000000 0.930340 20488.417358

INFO:tensorflow:IInfo: 1493320885.341302 12.000000 0.934720 19266.249237

INFO:tensorflow:IInfo: 1493321019.295720 13.000000 0.935680 18373.309151

INFO:tensorflow:IInfo: 1493321153.019012 14.000000 0.953900 14091.017040

INFO:tensorflow:IInfo: 1493321286.983892 15.000000 0.954050 13479.938961

INFO:tensorflow:IInfo: 1493321420.991553 16.000000 0.954200 13043.018913

INFO:tensorflow:IInfo: 1493321554.968377 17.000000 0.965520 10459.278427

INFO:tensorflow:IInfo: 1493321688.927083 18.000000 0.964770 10399.992638

INFO:tensorflow:IInfo: 1493321822.946785 19.000000 0.971690 8477.719479

INFO:tensorflow:IInfo: 1493321956.914584 20.000000 0.978190 6878.609534

INFO:tensorflow:IInfo: 1493322090.946601 21.000000 0.976700 7130.244036

INFO:tensorflow:IInfo: 1493322224.826781 22.000000 0.980010 6135.102041

INFO:tensorflow:IInfo: 1493322358.790467 23.000000 0.979650 6133.548459

INFO:tensorflow:IInfo: 1493322492.718547 24.000000 0.974900 7341.091450

INFO:tensorflow:IInfo: 1493322626.659278 25.000000 0.986340 4314.498110

INFO:tensorflow:IInfo: 1493322760.565262 26.000000 0.985230 4402.564171

INFO:tensorflow:IInfo: 1493322894.658891 27.000000 0.982840 5263.253864

INFO:tensorflow:IInfo: 1493323028.903243 28.000000 0.987720 3749.401749

INFO:tensorflow:IInfo: 1493323163.196147 29.000000 0.989700 3325.480378

INFO:tensorflow:IInfo: 1493323297.188750 30.000000 0.991030 3053.186550

INFO:tensorflow:IInfo: 1493323431.366828 31.000000 0.993850 2108.189792

INFO:tensorflow:IInfo: 1493323564.918704 32.000000 0.992630 2422.671411

INFO:tensorflow:IInfo: 1493323698.437905 33.000000 0.993270 2189.220179

INFO:tensorflow:IInfo: 1493323831.916194 34.000000 0.995500 1585.176391

