INFO:tensorflow:IInfo: 1493332000.721823 0.000000 0.097300 116517.936035

INFO:tensorflow:IInfo: 1493332088.491134 1.003520 0.491060 66812.446899

INFO:tensorflow:IInfo: 1493332175.430215 2.001920 0.669960 45861.200073

INFO:tensorflow:IInfo: 1493332262.344410 3.000320 0.789720 30406.437012

INFO:tensorflow:IInfo: 1493332349.730298 4.003840 0.865200 19923.536545

INFO:tensorflow:IInfo: 1493332436.690511 5.002240 0.880640 17139.253876

INFO:tensorflow:IInfo: 1493332523.605216 6.000640 0.961260 6250.704296

INFO:tensorflow:IInfo: 1493332610.937027 7.004160 0.982720 3343.639805

INFO:tensorflow:IInfo: 1493332697.807243 8.002560 0.987500 2263.598968

INFO:tensorflow:IInfo: 1493332784.718695 9.000960 0.994600 1374.912789

INFO:tensorflow:IInfo: 1493332872.051387 10.004480 0.999940 155.774928

INFO:tensorflow:IInfo: 1493332958.951841 11.002880 1.000000 49.316982

