INFO:tensorflow:IInfo: 1493428563.167410 0.000000 0.090780 119656.944580

INFO:tensorflow:IInfo: 1493428652.533209 1.013760 0.351080 87977.707275

INFO:tensorflow:IInfo: 1493428740.651001 2.027520 0.405200 76928.048584

INFO:tensorflow:IInfo: 1493428826.511786 3.010560 0.485020 68818.651001

INFO:tensorflow:IInfo: 1493428915.359945 4.024320 0.515960 64380.441040

INFO:tensorflow:IInfo: 1493429001.388063 5.007360 0.491600 71307.839355

INFO:tensorflow:IInfo: 1493429090.079146 6.021120 0.629400 51232.629822

INFO:tensorflow:IInfo: 1493429176.101253 7.004160 0.680820 44259.544739

INFO:tensorflow:IInfo: 1493429264.793796 8.017920 0.694260 43264.678650

INFO:tensorflow:IInfo: 1493429350.823690 9.000960 0.802420 28620.977783

INFO:tensorflow:IInfo: 1493429439.520128 10.014720 0.682600 45610.891052

INFO:tensorflow:IInfo: 1493429528.237907 11.028480 0.851060 21182.296387

INFO:tensorflow:IInfo: 1493429614.244701 12.011520 0.999220 1764.390911

INFO:tensorflow:IInfo: 1493429702.947310 13.025280 1.000000 646.572913

INFO:tensorflow:IInfo: 1493429788.950654 14.008320 1.000000 387.588597

