INFO:tensorflow:IInfo: 1493318990.907280 0.000000 0.086100 117361.349609

INFO:tensorflow:IInfo: 1493319080.040380 1.000960 0.581520 57077.260681

INFO:tensorflow:IInfo: 1493319168.716707 2.001920 0.692260 42897.951782

INFO:tensorflow:IInfo: 1493319257.185625 3.000320 0.782800 30444.946472

INFO:tensorflow:IInfo: 1493319345.921234 4.001280 0.847100 21740.050507

INFO:tensorflow:IInfo: 1493319434.574491 5.002240 0.886020 16726.310257

INFO:tensorflow:IInfo: 1493319523.018222 6.000640 0.912720 12899.832909

INFO:tensorflow:IInfo: 1493319611.664762 7.001600 0.940040 9209.963150

INFO:tensorflow:IInfo: 1493319700.095365 8.000000 0.958500 6488.515205

INFO:tensorflow:IInfo: 1493319788.737869 9.000960 0.964100 5508.124855

INFO:tensorflow:IInfo: 1493319877.423398 10.001920 0.974100 4072.873423

INFO:tensorflow:IInfo: 1493319965.835705 11.000320 0.966800 5021.709084

INFO:tensorflow:IInfo: 1493320054.494759 12.001280 0.977600 3297.168869

INFO:tensorflow:IInfo: 1493320143.135853 13.002240 0.973040 3884.080486

INFO:tensorflow:IInfo: 1493320231.560522 14.000640 0.979080 3263.905180

INFO:tensorflow:IInfo: 1493320320.198331 15.001600 0.989780 1635.159367

INFO:tensorflow:IInfo: 1493320408.602281 16.000000 0.982980 2612.378138

INFO:tensorflow:IInfo: 1493320497.239848 17.000960 0.983160 2486.502407

INFO:tensorflow:IInfo: 1493320585.903624 18.001920 0.984440 2332.021645

INFO:tensorflow:IInfo: 1493320674.308223 19.000320 0.995940 704.917021

