INFO:tensorflow:IInfo: 1493449965.555102 0.000000 0.097720 118734.405029

INFO:tensorflow:IInfo: 1493450055.523160 1.013760 0.331900 89423.963135

INFO:tensorflow:IInfo: 1493450144.147385 2.027520 0.420460 76167.257568

INFO:tensorflow:IInfo: 1493450230.358477 3.010560 0.470500 71248.271851

INFO:tensorflow:IInfo: 1493450319.592228 4.024320 0.561420 60484.030762

INFO:tensorflow:IInfo: 1493450405.897592 5.007360 0.541580 61089.169189

INFO:tensorflow:IInfo: 1493450494.999774 6.021120 0.594960 55557.588257

INFO:tensorflow:IInfo: 1493450581.885035 7.004160 0.599420 52833.799561

INFO:tensorflow:IInfo: 1493450671.499279 8.017920 0.668180 45460.306519

INFO:tensorflow:IInfo: 1493450758.418383 9.000960 0.685540 42950.773743

INFO:tensorflow:IInfo: 1493450848.064538 10.014720 0.713940 40570.965088

INFO:tensorflow:IInfo: 1493450937.696369 11.028480 0.708700 41229.007874

INFO:tensorflow:IInfo: 1493451024.659815 12.011520 0.775380 31768.527832

INFO:tensorflow:IInfo: 1493451114.297486 13.025280 0.783980 30707.850281

INFO:tensorflow:IInfo: 1493451201.242705 14.008320 0.807640 27409.000977

INFO:tensorflow:IInfo: 1493451290.870281 15.022080 0.798140 28224.692200

INFO:tensorflow:IInfo: 1493451377.786241 16.005120 0.843800 22587.917633

INFO:tensorflow:IInfo: 1493451467.410021 17.018880 0.712720 42768.755249

INFO:tensorflow:IInfo: 1493451554.338971 18.001920 0.892240 16588.149933

INFO:tensorflow:IInfo: 1493451643.959709 19.015680 0.918620 13396.634277

INFO:tensorflow:IInfo: 1493451733.544123 20.029440 0.911320 13771.588165

INFO:tensorflow:IInfo: 1493451820.418409 21.012480 0.925700 11558.080231

INFO:tensorflow:IInfo: 1493451910.044298 22.026240 0.712480 44435.574158

INFO:tensorflow:IInfo: 1493451996.933109 23.009280 0.976380 5028.317070

INFO:tensorflow:IInfo: 1493452086.559422 24.023040 0.989900 2893.929745

INFO:tensorflow:IInfo: 1493452173.450215 25.006080 0.985820 3014.697838

INFO:tensorflow:IInfo: 1493452263.012736 26.019840 0.704440 41806.742188

INFO:tensorflow:IInfo: 1493452349.886416 27.002880 0.871140 19309.949493

INFO:tensorflow:IInfo: 1493452439.488147 28.016640 0.936580 10741.481476

INFO:tensorflow:IInfo: 1493452529.066289 29.030400 0.972440 5707.789307

INFO:tensorflow:IInfo: 1493452616.000350 30.013440 0.983780 3671.621288

INFO:tensorflow:IInfo: 1493452705.559004 31.027200 0.997300 1513.131378

INFO:tensorflow:IInfo: 1493452792.453822 32.010240 0.999360 844.948736

INFO:tensorflow:IInfo: 1493452882.040078 33.024000 0.999740 496.282392

