INFO:tensorflow:IInfo: 1493449981.647316 0.000000 0.110620 234830.481934

INFO:tensorflow:IInfo: 1493450070.375851 1.003520 0.374070 169466.558350

INFO:tensorflow:IInfo: 1493450158.438259 2.007040 0.404830 160783.283325

INFO:tensorflow:IInfo: 1493450247.011133 3.010560 0.512170 131861.084106

INFO:tensorflow:IInfo: 1493450335.380235 4.014080 0.593220 112944.070312

INFO:tensorflow:IInfo: 1493450423.817494 5.017600 0.610920 107224.942566

INFO:tensorflow:IInfo: 1493450510.443772 6.000640 0.622360 105050.679504

INFO:tensorflow:IInfo: 1493450598.908422 7.004160 0.668940 91190.855652

INFO:tensorflow:IInfo: 1493450687.353270 8.007680 0.647460 98317.167847

INFO:tensorflow:IInfo: 1493450775.807824 9.011200 0.694660 84907.424011

INFO:tensorflow:IInfo: 1493450864.188904 10.014720 0.749560 70288.046448

INFO:tensorflow:IInfo: 1493450952.630467 11.018240 0.730730 75512.990540

INFO:tensorflow:IInfo: 1493451039.255968 12.001280 0.771780 64678.990540

INFO:tensorflow:IInfo: 1493451127.704536 13.004800 0.768880 64988.054932

INFO:tensorflow:IInfo: 1493451216.143269 14.008320 0.798440 57640.565338

INFO:tensorflow:IInfo: 1493451304.619628 15.011840 0.814280 53076.532410

INFO:tensorflow:IInfo: 1493451393.044286 16.015360 0.823170 51155.624481

INFO:tensorflow:IInfo: 1493451481.462548 17.018880 0.827590 49207.764008

INFO:tensorflow:IInfo: 1493451568.108063 18.001920 0.851320 43045.251465

INFO:tensorflow:IInfo: 1493451656.530371 19.005440 0.851510 43031.462585

INFO:tensorflow:IInfo: 1493451744.943024 20.008960 0.863750 38996.850952

INFO:tensorflow:IInfo: 1493451833.350305 21.012480 0.863880 39056.499237

INFO:tensorflow:IInfo: 1493451921.775016 22.016000 0.872240 35959.255585

INFO:tensorflow:IInfo: 1493452010.221107 23.019520 0.886120 33410.587891

INFO:tensorflow:IInfo: 1493452096.863606 24.002560 0.896280 30019.917572

INFO:tensorflow:IInfo: 1493452185.288542 25.006080 0.906490 27417.198044

INFO:tensorflow:IInfo: 1493452273.681097 26.009600 0.882090 33665.029022

INFO:tensorflow:IInfo: 1493452362.094282 27.013120 0.920410 23253.057251

INFO:tensorflow:IInfo: 1493452450.527102 28.016640 0.909510 25911.308121

INFO:tensorflow:IInfo: 1493452538.979975 29.020160 0.946970 16357.442879

INFO:tensorflow:IInfo: 1493452625.597530 30.003200 0.938330 18263.819824

INFO:tensorflow:IInfo: 1493452714.003455 31.006720 0.954370 14372.124229

INFO:tensorflow:IInfo: 1493452802.431257 32.010240 0.874110 36813.465240

INFO:tensorflow:IInfo: 1493452890.811481 33.013760 0.929330 20442.447723

INFO:tensorflow:IInfo: 1493452979.226225 34.017280 0.980040 7707.232040

INFO:tensorflow:IInfo: 1493453065.875835 35.000320 0.970390 9339.954563

INFO:tensorflow:IInfo: 1493453154.272253 36.003840 0.972620 8560.925125

INFO:tensorflow:IInfo: 1493453242.708729 37.007360 0.907030 25900.140976

INFO:tensorflow:IInfo: 1493453331.126399 38.010880 0.986860 5399.020716

INFO:tensorflow:IInfo: 1493453419.570480 39.014400 0.997200 2286.789153

