INFO:tensorflow:IInfo: 1493308147.965504 0.000000 0.080660 117906.956787

INFO:tensorflow:IInfo: 1493308281.311721 1.000000 0.626400 50952.279236

INFO:tensorflow:IInfo: 1493308414.488603 2.000000 0.766280 32204.828156

INFO:tensorflow:IInfo: 1493308547.649440 3.000000 0.871800 19153.180496

INFO:tensorflow:IInfo: 1493308680.831738 4.000000 0.915320 12546.807594

INFO:tensorflow:IInfo: 1493308813.764056 5.000000 0.947300 7535.990387

INFO:tensorflow:IInfo: 1493308946.745893 6.000000 0.976060 3756.858591

INFO:tensorflow:IInfo: 1493309079.919503 7.000000 0.981780 2797.908981

INFO:tensorflow:IInfo: 1493309213.000133 8.000000 0.978240 3414.836464

INFO:tensorflow:IInfo: 1493309346.335030 9.000000 0.995420 904.582139

INFO:tensorflow:IInfo: 1493309479.643392 10.000000 0.995360 812.754174

