INFO:tensorflow:IInfo: 1493308185.736495 0.000000 0.103000 116841.525391

INFO:tensorflow:IInfo: 1493308273.900130 1.003520 0.525380 64229.485718

INFO:tensorflow:IInfo: 1493308361.279238 2.001920 0.659100 47218.559937

INFO:tensorflow:IInfo: 1493308448.674623 3.000320 0.732640 38089.766663

INFO:tensorflow:IInfo: 1493308536.541111 4.003840 0.756780 34043.716858

INFO:tensorflow:IInfo: 1493308623.942652 5.002240 0.781540 30854.978973

INFO:tensorflow:IInfo: 1493308711.379526 6.000640 0.823240 25382.938843

INFO:tensorflow:IInfo: 1493308799.243062 7.004160 0.827700 24547.927155

INFO:tensorflow:IInfo: 1493308886.619625 8.002560 0.832720 23433.736115

INFO:tensorflow:IInfo: 1493308974.159474 9.000960 0.874860 18004.067200

INFO:tensorflow:IInfo: 1493309062.193256 10.004480 0.883100 17006.409866

INFO:tensorflow:IInfo: 1493309149.731041 11.002880 0.883880 16554.786942

INFO:tensorflow:IInfo: 1493309237.264323 12.001280 0.897480 14454.681641

INFO:tensorflow:IInfo: 1493309325.285122 13.004800 0.914980 12414.490341

INFO:tensorflow:IInfo: 1493309412.879420 14.003200 0.932860 10188.188438

INFO:tensorflow:IInfo: 1493309500.475716 15.001600 0.924040 10702.735550

INFO:tensorflow:IInfo: 1493309588.074473 16.000000 0.937880 9050.226746

INFO:tensorflow:IInfo: 1493309676.082469 17.003520 0.953440 6982.742523

INFO:tensorflow:IInfo: 1493309763.642975 18.001920 0.955500 6525.181538

INFO:tensorflow:IInfo: 1493309851.178038 19.000320 0.953460 6700.609882

INFO:tensorflow:IInfo: 1493309939.205184 20.003840 0.956260 6250.101566

INFO:tensorflow:IInfo: 1493310026.754362 21.002240 0.965920 4912.615063

INFO:tensorflow:IInfo: 1493310114.332836 22.000640 0.967540 4645.884893

INFO:tensorflow:IInfo: 1493310202.282799 23.004160 0.971120 4297.213524

INFO:tensorflow:IInfo: 1493310289.835710 24.002560 0.968700 4448.834282

INFO:tensorflow:IInfo: 1493310377.400039 25.000960 0.971960 4024.189074

INFO:tensorflow:IInfo: 1493310465.418794 26.004480 0.978120 3053.173954

INFO:tensorflow:IInfo: 1493310553.016376 27.002880 0.976640 3309.970900

INFO:tensorflow:IInfo: 1493310640.569240 28.001280 0.978620 2970.790043

INFO:tensorflow:IInfo: 1493310728.410174 29.004800 0.986200 2037.976788

INFO:tensorflow:IInfo: 1493310815.426709 30.003200 0.984740 2161.320467

INFO:tensorflow:IInfo: 1493310903.017717 31.001600 0.980840 2733.287542

INFO:tensorflow:IInfo: 1493310990.562227 32.000000 0.984020 2317.726108

INFO:tensorflow:IInfo: 1493311078.569517 33.003520 0.992620 1236.345303

INFO:tensorflow:IInfo: 1493311166.141424 34.001920 0.989920 1525.399487

INFO:tensorflow:IInfo: 1493311253.665438 35.000320 0.998800 329.445701

