INFO:tensorflow:IInfo: 1493309452.651906 0.000000 0.086320 240708.577637

INFO:tensorflow:IInfo: 1493309561.500239 1.000320 0.651140 96062.733276

INFO:tensorflow:IInfo: 1493309669.791307 2.000000 0.730540 75880.439117

INFO:tensorflow:IInfo: 1493309778.116812 3.000320 0.781050 62341.759064

INFO:tensorflow:IInfo: 1493309886.381499 4.000000 0.818780 53099.091370

INFO:tensorflow:IInfo: 1493309994.651842 5.000320 0.851920 42891.307678

INFO:tensorflow:IInfo: 1493310102.919055 6.000000 0.871800 37895.440872

INFO:tensorflow:IInfo: 1493310211.253181 7.000320 0.875150 35870.655807

INFO:tensorflow:IInfo: 1493310319.411812 8.000000 0.877090 34776.183868

INFO:tensorflow:IInfo: 1493310427.635682 9.000320 0.900450 29285.318703

INFO:tensorflow:IInfo: 1493310535.807436 10.000000 0.912900 25282.559097

INFO:tensorflow:IInfo: 1493310644.037191 11.000320 0.923980 22577.362938

INFO:tensorflow:IInfo: 1493310752.246852 12.000000 0.939100 18525.011364

INFO:tensorflow:IInfo: 1493310860.464391 13.000320 0.934680 18668.865833

INFO:tensorflow:IInfo: 1493310968.623312 14.000000 0.941130 16996.222301

INFO:tensorflow:IInfo: 1493311076.802909 15.000320 0.953680 13775.467392

INFO:tensorflow:IInfo: 1493311184.963386 16.000000 0.962010 11417.791676

INFO:tensorflow:IInfo: 1493311293.163167 17.000320 0.968180 9686.736366

INFO:tensorflow:IInfo: 1493311401.332888 18.000000 0.966930 9782.494701

INFO:tensorflow:IInfo: 1493311509.512391 19.000320 0.972730 8165.095991

INFO:tensorflow:IInfo: 1493311617.674878 20.000000 0.976150 7249.353407

INFO:tensorflow:IInfo: 1493311725.868703 21.000320 0.974580 7245.895445

INFO:tensorflow:IInfo: 1493311834.044699 22.000000 0.980380 5905.339092

INFO:tensorflow:IInfo: 1493311942.282609 23.000320 0.974950 7201.537029

INFO:tensorflow:IInfo: 1493312050.473217 24.000000 0.983680 4927.559117

INFO:tensorflow:IInfo: 1493312158.666152 25.000320 0.983980 4691.104414

INFO:tensorflow:IInfo: 1493312266.824251 26.000000 0.986200 4212.152700

INFO:tensorflow:IInfo: 1493312375.052183 27.000320 0.982420 5072.669559

INFO:tensorflow:IInfo: 1493312483.269842 28.000000 0.986150 4208.488293

INFO:tensorflow:IInfo: 1493312591.461457 29.000320 0.986610 4129.357628

INFO:tensorflow:IInfo: 1493312699.644936 30.000000 0.973270 7413.148281

INFO:tensorflow:IInfo: 1493312807.818008 31.000320 0.985860 4168.638859

INFO:tensorflow:IInfo: 1493312915.972837 32.000000 0.988440 3615.889221

INFO:tensorflow:IInfo: 1493313024.178331 33.000320 0.989510 3104.664585

INFO:tensorflow:IInfo: 1493313132.335789 34.000000 0.991900 2459.584563

INFO:tensorflow:IInfo: 1493313240.542255 35.000320 0.994680 1794.939291

INFO:tensorflow:IInfo: 1493313348.691383 36.000000 0.991520 2634.563969

INFO:tensorflow:IInfo: 1493313456.883196 37.000320 0.995220 1590.000575

INFO:tensorflow:IInfo: 1493313565.007867 38.000000 0.993010 2168.139235

