INFO:tensorflow:IInfo: 1493314008.211433 0.000000 0.086760 120593.017822

INFO:tensorflow:IInfo: 1493314096.680662 1.003520 0.438080 75879.124146

INFO:tensorflow:IInfo: 1493314185.576674 2.007040 0.542500 62742.665894

INFO:tensorflow:IInfo: 1493314273.805056 3.000320 0.614840 52372.531250

INFO:tensorflow:IInfo: 1493314362.971496 4.003840 0.628520 51008.875305

INFO:tensorflow:IInfo: 1493314452.087865 5.007360 0.722080 39021.284729

INFO:tensorflow:IInfo: 1493314540.324418 6.000640 0.749540 35018.151550

INFO:tensorflow:IInfo: 1493314629.503887 7.004160 0.758860 34269.324951

INFO:tensorflow:IInfo: 1493314718.655995 8.007680 0.812620 27242.216553

INFO:tensorflow:IInfo: 1493314806.883733 9.000960 0.800780 28466.740875

INFO:tensorflow:IInfo: 1493314896.022226 10.004480 0.824280 25286.800690

INFO:tensorflow:IInfo: 1493314985.135034 11.008000 0.815320 25654.707611

INFO:tensorflow:IInfo: 1493315073.348229 12.001280 0.857580 20422.057190

INFO:tensorflow:IInfo: 1493315162.473094 13.004800 0.870300 18481.603516

INFO:tensorflow:IInfo: 1493315251.613217 14.008320 0.874960 17935.295563

INFO:tensorflow:IInfo: 1493315339.819063 15.001600 0.900940 14421.095032

INFO:tensorflow:IInfo: 1493315428.901723 16.005120 0.900480 14514.513245

INFO:tensorflow:IInfo: 1493315518.008057 17.008640 0.907860 13222.805893

INFO:tensorflow:IInfo: 1493315606.242104 18.001920 0.926640 10944.150612

INFO:tensorflow:IInfo: 1493315695.385141 19.005440 0.936500 9693.357170

INFO:tensorflow:IInfo: 1493315784.512799 20.008960 0.931800 9766.670334

INFO:tensorflow:IInfo: 1493315872.754772 21.002240 0.943980 8262.962639

INFO:tensorflow:IInfo: 1493315961.892398 22.005760 0.950980 7233.875648

INFO:tensorflow:IInfo: 1493316051.017983 23.009280 0.944220 8106.162498

INFO:tensorflow:IInfo: 1493316139.257482 24.002560 0.916600 12473.831230

INFO:tensorflow:IInfo: 1493316228.412786 25.006080 0.960000 5876.152565

INFO:tensorflow:IInfo: 1493316317.541037 26.009600 0.975860 3972.016235

INFO:tensorflow:IInfo: 1493316405.752158 27.002880 0.971620 4307.757835

INFO:tensorflow:IInfo: 1493316494.882145 28.006400 0.933460 9844.299995

INFO:tensorflow:IInfo: 1493316584.042331 29.009920 0.969860 4479.292871

INFO:tensorflow:IInfo: 1493316672.277230 30.003200 0.977260 3380.882555

INFO:tensorflow:IInfo: 1493316761.393028 31.006720 0.995700 1064.967121

INFO:tensorflow:IInfo: 1493316849.637028 32.000000 0.999420 378.155967

