INFO:tensorflow:IInfo: 1493331946.642945 0.000000 0.093960 121635.823730

INFO:tensorflow:IInfo: 1493332054.251850 1.000320 0.620860 52677.701355

INFO:tensorflow:IInfo: 1493332161.403289 2.000000 0.740180 37101.062927

INFO:tensorflow:IInfo: 1493332268.496079 3.000320 0.791520 29541.075745

INFO:tensorflow:IInfo: 1493332375.278951 4.000000 0.835760 24002.820282

INFO:tensorflow:IInfo: 1493332482.183286 5.000320 0.857360 20591.380142

INFO:tensorflow:IInfo: 1493332589.051261 6.000000 0.862660 19776.770691

INFO:tensorflow:IInfo: 1493332696.253355 7.000320 0.893120 15767.665344

INFO:tensorflow:IInfo: 1493332803.401180 8.000000 0.899760 14540.756805

INFO:tensorflow:IInfo: 1493332910.648270 9.000320 0.906520 13306.750504

INFO:tensorflow:IInfo: 1493333017.834739 10.000000 0.918940 11837.162010

INFO:tensorflow:IInfo: 1493333125.063433 11.000320 0.934920 9595.572426

INFO:tensorflow:IInfo: 1493333231.923385 12.000000 0.935920 9346.164604

INFO:tensorflow:IInfo: 1493333338.947443 13.000320 0.946560 7923.393410

INFO:tensorflow:IInfo: 1493333446.079214 14.000000 0.954300 6640.839214

INFO:tensorflow:IInfo: 1493333553.230725 15.000320 0.960900 5921.605446

INFO:tensorflow:IInfo: 1493333660.344418 16.000000 0.966920 5167.296471

INFO:tensorflow:IInfo: 1493333767.582938 17.000320 0.975040 4018.942844

INFO:tensorflow:IInfo: 1493333874.749638 18.000000 0.971460 4415.166588

INFO:tensorflow:IInfo: 1493333981.940306 19.000320 0.969840 4344.320560

INFO:tensorflow:IInfo: 1493334089.106165 20.000000 0.976080 3653.803032

INFO:tensorflow:IInfo: 1493334196.359199 21.000320 0.968320 4525.738571

INFO:tensorflow:IInfo: 1493334303.566664 22.000000 0.980620 2928.352807

INFO:tensorflow:IInfo: 1493334410.797622 23.000320 0.983640 2407.754728

INFO:tensorflow:IInfo: 1493334518.026229 24.000000 0.981200 2748.109610

INFO:tensorflow:IInfo: 1493334625.249961 25.000320 0.984860 2317.909825

INFO:tensorflow:IInfo: 1493334732.420418 26.000000 0.974380 3897.144817

INFO:tensorflow:IInfo: 1493334839.615483 27.000320 0.988400 1798.205006

INFO:tensorflow:IInfo: 1493334946.829739 28.000000 0.990520 1496.684769

INFO:tensorflow:IInfo: 1493335054.111955 29.000320 0.987840 1844.238986

INFO:tensorflow:IInfo: 1493335161.307212 30.000000 0.986220 2005.488472

INFO:tensorflow:IInfo: 1493335268.543457 31.000320 0.991880 1302.722085

INFO:tensorflow:IInfo: 1493335375.726003 32.000000 0.991540 1301.789502

INFO:tensorflow:IInfo: 1493335482.955118 33.000320 0.993500 1100.502530

INFO:tensorflow:IInfo: 1493335590.107286 34.000000 0.984180 2277.829905

INFO:tensorflow:IInfo: 1493335697.361271 35.000320 0.994400 1015.457047

INFO:tensorflow:IInfo: 1493335804.486028 36.000000 0.995140 815.718177

