INFO:tensorflow:IInfo: 1493313770.266097 0.000000 0.081920 117783.984619

INFO:tensorflow:IInfo: 1493313878.071532 1.000320 0.735060 37675.039673

INFO:tensorflow:IInfo: 1493313985.299091 2.000000 0.892940 15661.997772

INFO:tensorflow:IInfo: 1493314092.598602 3.000320 0.975160 4214.123343

INFO:tensorflow:IInfo: 1493314199.801982 4.000000 0.983940 2591.926451

INFO:tensorflow:IInfo: 1493314307.020656 5.000320 0.991720 1376.231217

INFO:tensorflow:IInfo: 1493314414.203880 6.000000 0.997960 444.286796

INFO:tensorflow:IInfo: 1493314521.419538 7.000320 0.999140 197.443039

INFO:tensorflow:IInfo: 1493314628.483551 8.000000 0.999940 99.263395

