INFO:tensorflow:IInfo: 1493706276.798659 0.000000 0.086040 115713.065430

INFO:tensorflow:IInfo: 1493706371.440311 1.000960 0.606060 54831.420898

INFO:tensorflow:IInfo: 1493706465.354835 2.000640 0.711140 41076.225647

INFO:tensorflow:IInfo: 1493706559.273549 3.000320 0.791540 29591.336700

INFO:tensorflow:IInfo: 1493706653.300828 4.000000 0.828260 24793.436737

INFO:tensorflow:IInfo: 1493706747.290618 5.000960 0.846440 22291.443207

INFO:tensorflow:IInfo: 1493706841.139270 6.000640 0.860420 20127.185455

INFO:tensorflow:IInfo: 1493706934.983279 7.000320 0.874700 17968.638397

INFO:tensorflow:IInfo: 1493707029.026479 8.000000 0.899900 14774.741730

INFO:tensorflow:IInfo: 1493707123.003212 9.000960 0.904940 13766.153549

INFO:tensorflow:IInfo: 1493707216.923061 10.000640 0.912080 12436.169083

INFO:tensorflow:IInfo: 1493707310.795457 11.000320 0.928680 10317.226715

INFO:tensorflow:IInfo: 1493707404.739238 12.000000 0.925400 10775.658653

INFO:tensorflow:IInfo: 1493707498.802864 13.000960 0.945860 7985.155693

INFO:tensorflow:IInfo: 1493707592.712611 14.000640 0.954600 6790.196209

INFO:tensorflow:IInfo: 1493707686.627988 15.000320 0.950280 7189.973625

INFO:tensorflow:IInfo: 1493707780.488352 16.000000 0.956920 6232.800644

INFO:tensorflow:IInfo: 1493707874.409940 17.000960 0.961880 5568.027519

INFO:tensorflow:IInfo: 1493707968.221539 18.000640 0.971500 4224.732527

INFO:tensorflow:IInfo: 1493708062.100184 19.000320 0.969900 4282.645105

INFO:tensorflow:IInfo: 1493708155.918014 20.000000 0.974500 3626.602791

INFO:tensorflow:IInfo: 1493708249.865577 21.000960 0.978260 3221.943977

INFO:tensorflow:IInfo: 1493708343.720800 22.000640 0.983220 2600.472136

INFO:tensorflow:IInfo: 1493708437.593146 23.000320 0.975640 3460.745216

INFO:tensorflow:IInfo: 1493708531.480111 24.000000 0.986580 2043.563778

INFO:tensorflow:IInfo: 1493708625.414141 25.000960 0.979480 2949.160023

INFO:tensorflow:IInfo: 1493708719.257161 26.000640 0.980940 2713.104877

INFO:tensorflow:IInfo: 1493708813.075614 27.000320 0.991380 1414.630350

INFO:tensorflow:IInfo: 1493708906.918950 28.000000 0.987220 1877.334900

INFO:tensorflow:IInfo: 1493709000.849429 29.000960 0.992340 1225.688138

INFO:tensorflow:IInfo: 1493709094.693645 30.000640 0.977960 3077.221756

INFO:tensorflow:IInfo: 1493709188.557386 31.000320 0.991620 1271.421299

INFO:tensorflow:IInfo: 1493709282.398110 32.000000 0.993380 1038.614288

INFO:tensorflow:IInfo: 1493709376.376176 33.000960 0.987920 1750.815926

INFO:tensorflow:IInfo: 1493709470.210097 34.000640 0.990400 1428.715039

INFO:tensorflow:IInfo: 1493709564.084159 35.000320 0.992640 1110.452747

INFO:tensorflow:IInfo: 1493709657.917987 36.000000 0.995580 721.071221

