INFO:tensorflow:IInfo: 1493308218.437295 0.000000 0.088180 117682.285645

INFO:tensorflow:IInfo: 1493308306.453995 1.003520 0.500500 66517.017822

INFO:tensorflow:IInfo: 1493308393.304976 2.001920 0.745860 35282.207825

INFO:tensorflow:IInfo: 1493308480.175065 3.000320 0.867280 19963.638947

INFO:tensorflow:IInfo: 1493308567.415911 4.003840 0.982640 3943.958027

INFO:tensorflow:IInfo: 1493308654.201229 5.002240 1.000000 139.822970

INFO:tensorflow:IInfo: 1493308740.784947 6.000640 1.000000 53.038753

