INFO:tensorflow:IInfo: 1493706199.575936 0.000000 0.100380 118770.434082

INFO:tensorflow:IInfo: 1493706285.379024 1.003520 0.399360 81545.813354

INFO:tensorflow:IInfo: 1493706370.040363 2.007040 0.460060 73830.831787

INFO:tensorflow:IInfo: 1493706455.068394 3.010560 0.446480 73609.094360

INFO:tensorflow:IInfo: 1493706539.851248 4.014080 0.595260 56753.098389

INFO:tensorflow:IInfo: 1493706624.653257 5.017600 0.628640 51219.349060

INFO:tensorflow:IInfo: 1493706707.739370 6.000640 0.644480 48486.459473

INFO:tensorflow:IInfo: 1493706792.513012 7.004160 0.686840 43903.632141

INFO:tensorflow:IInfo: 1493706877.318883 8.007680 0.690520 42472.213318

INFO:tensorflow:IInfo: 1493706962.104318 9.011200 0.723240 39128.900208

INFO:tensorflow:IInfo: 1493707046.899712 10.014720 0.715980 39037.628784

INFO:tensorflow:IInfo: 1493707131.665452 11.018240 0.750140 34842.472656

INFO:tensorflow:IInfo: 1493707214.737460 12.001280 0.766540 32924.062683

INFO:tensorflow:IInfo: 1493707299.515904 13.004800 0.804800 27803.964233

INFO:tensorflow:IInfo: 1493707384.308045 14.008320 0.814680 26461.930695

INFO:tensorflow:IInfo: 1493707469.081390 15.011840 0.834100 24092.225128

INFO:tensorflow:IInfo: 1493707553.900401 16.015360 0.832000 23921.138702

INFO:tensorflow:IInfo: 1493707638.701553 17.018880 0.838320 23304.075287

INFO:tensorflow:IInfo: 1493707721.776813 18.001920 0.832780 23509.432037

INFO:tensorflow:IInfo: 1493707806.550496 19.005440 0.870940 19013.931580

INFO:tensorflow:IInfo: 1493707891.330075 20.008960 0.866460 19444.140961

INFO:tensorflow:IInfo: 1493707976.106280 21.012480 0.867700 18968.849762

INFO:tensorflow:IInfo: 1493708060.874885 22.016000 0.886900 16442.282227

INFO:tensorflow:IInfo: 1493708145.669763 23.019520 0.893720 15383.868622

INFO:tensorflow:IInfo: 1493708228.724239 24.002560 0.912620 12756.214615

INFO:tensorflow:IInfo: 1493708313.497229 25.006080 0.922780 11462.228699

INFO:tensorflow:IInfo: 1493708398.304759 26.009600 0.928560 10770.616905

INFO:tensorflow:IInfo: 1493708483.067812 27.013120 0.937920 9416.319351

INFO:tensorflow:IInfo: 1493708567.867599 28.016640 0.924860 10972.974411

INFO:tensorflow:IInfo: 1493708652.636240 29.020160 0.917800 12064.302032

INFO:tensorflow:IInfo: 1493708735.715813 30.003200 0.929980 9934.042130

INFO:tensorflow:IInfo: 1493708820.480496 31.006720 0.938280 9073.053162

INFO:tensorflow:IInfo: 1493708905.266866 32.010240 0.914160 12242.652740

INFO:tensorflow:IInfo: 1493708990.044142 33.013760 0.958100 6219.432236

INFO:tensorflow:IInfo: 1493709074.828936 34.017280 0.985880 2918.341385

INFO:tensorflow:IInfo: 1493709157.868515 35.000320 0.989720 2255.111931

INFO:tensorflow:IInfo: 1493709242.641283 36.003840 0.995440 1324.815196

INFO:tensorflow:IInfo: 1493709327.397518 37.007360 0.998000 816.455250

