INFO:tensorflow:IInfo: 1493331757.380817 0.000000 0.094000 117511.248779

INFO:tensorflow:IInfo: 1493331846.510906 1.000960 0.554940 59691.936401

INFO:tensorflow:IInfo: 1493331935.025737 2.001920 0.696980 42263.803772

INFO:tensorflow:IInfo: 1493332023.284322 3.000320 0.774160 32625.126953

INFO:tensorflow:IInfo: 1493332111.735359 4.001280 0.813100 27071.939728

INFO:tensorflow:IInfo: 1493332200.164295 5.002240 0.845760 22393.856415

INFO:tensorflow:IInfo: 1493332288.387526 6.000640 0.871500 18842.646347

INFO:tensorflow:IInfo: 1493332376.835583 7.001600 0.868040 18756.981644

INFO:tensorflow:IInfo: 1493332465.046740 8.000000 0.890120 15925.810959

INFO:tensorflow:IInfo: 1493332553.477809 9.000960 0.914320 12692.699463

INFO:tensorflow:IInfo: 1493332641.925478 10.001920 0.921140 11601.319649

INFO:tensorflow:IInfo: 1493332730.127744 11.000320 0.930940 10173.322769

INFO:tensorflow:IInfo: 1493332818.576525 12.001280 0.939860 8996.735962

INFO:tensorflow:IInfo: 1493332907.001859 13.002240 0.933080 9564.936607

INFO:tensorflow:IInfo: 1493332995.220020 14.000640 0.947420 7719.172749

INFO:tensorflow:IInfo: 1493333083.650362 15.001600 0.960840 5662.181171

INFO:tensorflow:IInfo: 1493333171.864558 16.000000 0.961420 5694.112465

INFO:tensorflow:IInfo: 1493333260.300803 17.000960 0.966140 4972.927883

INFO:tensorflow:IInfo: 1493333348.746423 18.001920 0.943880 7457.994984

INFO:tensorflow:IInfo: 1493333436.964090 19.000320 0.968760 4394.901508

INFO:tensorflow:IInfo: 1493333525.415335 20.001280 0.974660 3658.648529

INFO:tensorflow:IInfo: 1493333613.850972 21.002240 0.977420 3273.083899

INFO:tensorflow:IInfo: 1493333702.076473 22.000640 0.980540 2800.356242

INFO:tensorflow:IInfo: 1493333790.514368 23.001600 0.975020 3527.770290

INFO:tensorflow:IInfo: 1493333878.730297 24.000000 0.985240 2137.687311

INFO:tensorflow:IInfo: 1493333967.157815 25.000960 0.985800 2060.301632

INFO:tensorflow:IInfo: 1493334055.605124 26.001920 0.984980 2145.504460

INFO:tensorflow:IInfo: 1493334143.808814 27.000320 0.988620 1704.380809

INFO:tensorflow:IInfo: 1493334232.257273 28.001280 0.988000 1771.702565

INFO:tensorflow:IInfo: 1493334320.723436 29.002240 0.988760 1600.403066

INFO:tensorflow:IInfo: 1493334408.973105 30.000640 0.991060 1301.038195

INFO:tensorflow:IInfo: 1493334497.450164 31.001600 0.993600 1020.502295

INFO:tensorflow:IInfo: 1493334585.705736 32.000000 0.977020 3387.473349

INFO:tensorflow:IInfo: 1493334674.162091 33.000960 0.991780 1223.106044

INFO:tensorflow:IInfo: 1493334762.642881 34.001920 0.994940 832.802478

INFO:tensorflow:IInfo: 1493334850.911762 35.000320 0.993620 960.572643

INFO:tensorflow:IInfo: 1493334939.400429 36.001280 0.996540 605.179271

INFO:tensorflow:IInfo: 1493335027.871213 37.002240 0.992840 1063.426422

INFO:tensorflow:IInfo: 1493335116.130362 38.000640 0.996940 527.095114

