INFO:tensorflow:IInfo: 1493706261.525050 0.000000 0.107080 119207.966797

INFO:tensorflow:IInfo: 1493706351.158710 1.013760 0.297380 90203.844116

INFO:tensorflow:IInfo: 1493706438.916090 2.027520 0.389340 80555.563232

INFO:tensorflow:IInfo: 1493706524.119332 3.010560 0.479300 70009.309204

INFO:tensorflow:IInfo: 1493706612.568731 4.024320 0.527740 64869.985596

INFO:tensorflow:IInfo: 1493706697.789575 5.007360 0.541260 61769.607910

INFO:tensorflow:IInfo: 1493706785.689936 6.021120 0.610640 53700.679688

INFO:tensorflow:IInfo: 1493706870.911901 7.004160 0.620260 53614.161499

INFO:tensorflow:IInfo: 1493706958.823842 8.017920 0.654680 46966.617615

INFO:tensorflow:IInfo: 1493707044.061285 9.000960 0.682760 44144.072571

INFO:tensorflow:IInfo: 1493707132.007620 10.014720 0.698980 41731.184326

INFO:tensorflow:IInfo: 1493707219.884908 11.028480 0.715120 39095.691833

INFO:tensorflow:IInfo: 1493707305.140211 12.011520 0.738520 36372.958252

INFO:tensorflow:IInfo: 1493707393.070833 13.025280 0.738440 36621.826111

INFO:tensorflow:IInfo: 1493707478.332600 14.008320 0.783140 30671.491516

INFO:tensorflow:IInfo: 1493707566.221581 15.022080 0.757120 33838.400146

INFO:tensorflow:IInfo: 1493707651.461274 16.005120 0.820960 25832.145905

INFO:tensorflow:IInfo: 1493707739.375172 17.018880 0.803740 27934.590637

INFO:tensorflow:IInfo: 1493707824.630835 18.001920 0.842140 22943.106354

INFO:tensorflow:IInfo: 1493707912.500603 19.015680 0.836120 23394.910126

INFO:tensorflow:IInfo: 1493708000.325272 20.029440 0.850200 21095.970306

INFO:tensorflow:IInfo: 1493708085.483656 21.012480 0.858540 20414.347992

INFO:tensorflow:IInfo: 1493708173.596446 22.026240 0.879400 17444.742584

INFO:tensorflow:IInfo: 1493708259.016209 23.009280 0.866900 18539.598846

INFO:tensorflow:IInfo: 1493708347.035424 24.023040 0.867920 18771.836121

INFO:tensorflow:IInfo: 1493708432.263379 25.006080 0.904780 14273.244827

INFO:tensorflow:IInfo: 1493708520.153741 26.019840 0.912280 12759.532684

INFO:tensorflow:IInfo: 1493708605.374577 27.002880 0.909360 12984.025665

INFO:tensorflow:IInfo: 1493708693.269084 28.016640 0.884180 16343.297119

INFO:tensorflow:IInfo: 1493708781.122666 29.030400 0.908400 12892.161163

INFO:tensorflow:IInfo: 1493708866.341802 30.013440 0.827700 24375.987762

INFO:tensorflow:IInfo: 1493708954.192660 31.027200 0.958280 6983.104736

INFO:tensorflow:IInfo: 1493709039.328342 32.010240 0.943560 8289.967751

INFO:tensorflow:IInfo: 1493709127.147524 33.024000 0.835220 23617.346527

INFO:tensorflow:IInfo: 1493709212.382999 34.007040 0.976140 4481.374641

INFO:tensorflow:IInfo: 1493709300.213824 35.020800 0.951320 7061.708488

INFO:tensorflow:IInfo: 1493709385.420718 36.003840 0.971100 5370.763470

INFO:tensorflow:IInfo: 1493709473.231870 37.017600 0.993960 2230.110893

INFO:tensorflow:IInfo: 1493709558.359349 38.000640 0.997460 1268.390699

