INFO:tensorflow:IInfo: 1493706216.972853 0.000000 0.100560 118525.836670

INFO:tensorflow:IInfo: 1493706306.019962 1.003520 0.456600 71146.089111

INFO:tensorflow:IInfo: 1493706394.230521 2.001920 0.638800 49645.057800

INFO:tensorflow:IInfo: 1493706482.373066 3.000320 0.719080 39675.987305

INFO:tensorflow:IInfo: 1493706570.984074 4.003840 0.777100 31895.913208

INFO:tensorflow:IInfo: 1493706659.097145 5.002240 0.817580 26320.856293

INFO:tensorflow:IInfo: 1493706747.191110 6.000640 0.837780 23557.595184

INFO:tensorflow:IInfo: 1493706835.724088 7.004160 0.855980 20721.068237

INFO:tensorflow:IInfo: 1493706923.833896 8.002560 0.870440 18576.608215

INFO:tensorflow:IInfo: 1493707011.918413 9.000960 0.873080 18305.357208

INFO:tensorflow:IInfo: 1493707100.450812 10.004480 0.905700 13706.751511

INFO:tensorflow:IInfo: 1493707188.564646 11.002880 0.911220 12828.275391

INFO:tensorflow:IInfo: 1493707276.656981 12.001280 0.913740 12140.962662

INFO:tensorflow:IInfo: 1493707365.209182 13.004800 0.938260 9054.850647

INFO:tensorflow:IInfo: 1493707453.257216 14.003200 0.946300 8037.129128

INFO:tensorflow:IInfo: 1493707541.301451 15.001600 0.935740 8974.728409

INFO:tensorflow:IInfo: 1493707629.367504 16.000000 0.949680 7327.672783

INFO:tensorflow:IInfo: 1493707717.860253 17.003520 0.956800 6271.486774

INFO:tensorflow:IInfo: 1493707805.886306 18.001920 0.959500 5973.101227

INFO:tensorflow:IInfo: 1493707893.941331 19.000320 0.963660 5191.328270

INFO:tensorflow:IInfo: 1493707982.426518 20.003840 0.958200 5789.629013

INFO:tensorflow:IInfo: 1493708070.442138 21.002240 0.964300 5007.962650

INFO:tensorflow:IInfo: 1493708158.478082 22.000640 0.966620 4775.526627

INFO:tensorflow:IInfo: 1493708246.926219 23.004160 0.967700 4574.019356

INFO:tensorflow:IInfo: 1493708334.961465 24.002560 0.976520 3356.724640

INFO:tensorflow:IInfo: 1493708422.988952 25.000960 0.980440 2840.940568

INFO:tensorflow:IInfo: 1493708511.472808 26.004480 0.974820 3624.983137

INFO:tensorflow:IInfo: 1493708599.499321 27.002880 0.984640 2320.457394

INFO:tensorflow:IInfo: 1493708687.505661 28.001280 0.985980 1990.213691

INFO:tensorflow:IInfo: 1493708775.965809 29.004800 0.986340 2009.015806

INFO:tensorflow:IInfo: 1493708864.008409 30.003200 0.983480 2363.209621

INFO:tensorflow:IInfo: 1493708952.007386 31.001600 0.989980 1499.167431

INFO:tensorflow:IInfo: 1493709040.044494 32.000000 0.996760 649.024841

INFO:tensorflow:IInfo: 1493709128.506381 33.003520 0.995300 793.577683

