INFO:tensorflow:IInfo: 1493310895.228582 0.000000 0.064740 118369.852783

INFO:tensorflow:IInfo: 1493311003.035069 1.000320 0.669520 46135.070251

INFO:tensorflow:IInfo: 1493311110.343963 2.000000 0.768240 32827.747986

INFO:tensorflow:IInfo: 1493311217.696022 3.000320 0.831380 24394.218445

INFO:tensorflow:IInfo: 1493311324.967985 4.000000 0.873680 19016.209137

INFO:tensorflow:IInfo: 1493311432.104276 5.000320 0.905700 14459.808441

INFO:tensorflow:IInfo: 1493311539.232087 6.000000 0.916780 12117.197678

INFO:tensorflow:IInfo: 1493311646.724993 7.000320 0.948200 8136.877296

INFO:tensorflow:IInfo: 1493311754.017775 8.000000 0.959560 6305.145622

INFO:tensorflow:IInfo: 1493311861.354253 9.000320 0.970140 4844.026634

INFO:tensorflow:IInfo: 1493311968.465310 10.000000 0.974340 4137.648243

INFO:tensorflow:IInfo: 1493312075.611684 11.000320 0.980440 3122.826725

INFO:tensorflow:IInfo: 1493312182.744651 12.000000 0.984280 2654.242361

INFO:tensorflow:IInfo: 1493312289.909908 13.000320 0.984480 2487.834511

INFO:tensorflow:IInfo: 1493312397.035394 14.000000 0.988880 1814.831482

INFO:tensorflow:IInfo: 1493312504.169350 15.000320 0.991660 1429.828802

INFO:tensorflow:IInfo: 1493312611.418371 16.000000 0.993740 1030.834552

INFO:tensorflow:IInfo: 1493312718.699429 17.000320 0.989880 1501.470322

INFO:tensorflow:IInfo: 1493312825.994791 18.000000 0.995620 796.130793

INFO:tensorflow:IInfo: 1493312933.088322 19.000320 0.987140 1925.660112

