INFO:tensorflow:IInfo: 1493713416.410143 0.000000 0.085660 121543.473633

INFO:tensorflow:IInfo: 1493713549.375687 1.000000 0.601360 55077.523071

INFO:tensorflow:IInfo: 1493713681.988927 2.000000 0.732240 38834.086487

INFO:tensorflow:IInfo: 1493713814.643719 3.000000 0.797420 29450.057800

INFO:tensorflow:IInfo: 1493713947.213539 4.000000 0.832300 24464.512787

INFO:tensorflow:IInfo: 1493714079.812387 5.000000 0.843980 22879.869507

INFO:tensorflow:IInfo: 1493714212.415353 6.000000 0.870740 18971.534866

INFO:tensorflow:IInfo: 1493714345.008330 7.000000 0.886400 17106.059250

INFO:tensorflow:IInfo: 1493714477.630241 8.000000 0.893420 15588.877075

INFO:tensorflow:IInfo: 1493714610.398075 9.000000 0.913220 12645.727516

INFO:tensorflow:IInfo: 1493714743.128539 10.000000 0.912300 12462.269333

INFO:tensorflow:IInfo: 1493714875.822535 11.000000 0.936580 9709.831512

INFO:tensorflow:IInfo: 1493715008.613185 12.000000 0.941680 8753.119476

INFO:tensorflow:IInfo: 1493715141.314457 13.000000 0.951040 7579.073601

INFO:tensorflow:IInfo: 1493715274.076412 14.000000 0.945100 7924.963772

INFO:tensorflow:IInfo: 1493715406.779521 15.000000 0.950720 7093.914013

INFO:tensorflow:IInfo: 1493715539.453787 16.000000 0.962380 5586.279140

INFO:tensorflow:IInfo: 1493715672.109968 17.000000 0.961380 5558.106689

INFO:tensorflow:IInfo: 1493715804.810588 18.000000 0.957120 5772.241955

INFO:tensorflow:IInfo: 1493715937.537308 19.000000 0.971860 4208.853456

INFO:tensorflow:IInfo: 1493716070.250677 20.000000 0.981880 2894.278032

INFO:tensorflow:IInfo: 1493716202.923664 21.000000 0.965640 4740.113480

INFO:tensorflow:IInfo: 1493716335.691609 22.000000 0.981860 2765.730122

INFO:tensorflow:IInfo: 1493716468.429457 23.000000 0.985020 2312.604692

INFO:tensorflow:IInfo: 1493716601.236053 24.000000 0.987980 1926.085253

INFO:tensorflow:IInfo: 1493716733.894539 25.000000 0.985280 2276.368286

INFO:tensorflow:IInfo: 1493716866.670276 26.000000 0.990180 1687.478878

INFO:tensorflow:IInfo: 1493716999.363688 27.000000 0.991220 1430.776823

INFO:tensorflow:IInfo: 1493717132.081292 28.000000 0.987700 1945.248377

INFO:tensorflow:IInfo: 1493717264.723464 29.000000 0.989700 1656.269566

INFO:tensorflow:IInfo: 1493717397.426261 30.000000 0.992260 1325.441874

INFO:tensorflow:IInfo: 1493717530.179118 31.000000 0.994380 957.448432

INFO:tensorflow:IInfo: 1493717662.829746 32.000000 0.992980 1117.578700

INFO:tensorflow:IInfo: 1493717795.446981 33.000000 0.987540 1776.986136

INFO:tensorflow:IInfo: 1493717928.187147 34.000000 0.994900 867.074333

INFO:tensorflow:IInfo: 1493718060.833095 35.000000 0.994840 843.661033

INFO:tensorflow:IInfo: 1493718193.605349 36.000000 0.995260 795.589916

INFO:tensorflow:IInfo: 1493718326.444308 37.000000 0.996280 646.049817

