INFO:tensorflow:IInfo: 1493319343.685147 0.000000 0.135040 116269.842773

INFO:tensorflow:IInfo: 1493319432.859756 1.000960 0.600520 54879.541199

INFO:tensorflow:IInfo: 1493319521.691177 2.001920 0.745240 35987.275208

INFO:tensorflow:IInfo: 1493319610.278527 3.000320 0.805580 26957.071228

INFO:tensorflow:IInfo: 1493319699.077012 4.001280 0.909780 13416.300652

INFO:tensorflow:IInfo: 1493319787.892412 5.002240 0.943060 8920.759224

INFO:tensorflow:IInfo: 1493319876.470483 6.000640 0.958120 6239.819790

INFO:tensorflow:IInfo: 1493319965.298198 7.001600 0.986600 2189.866467

INFO:tensorflow:IInfo: 1493320053.865850 8.000000 0.979560 2962.645451

INFO:tensorflow:IInfo: 1493320142.703633 9.000960 0.994380 1119.086322

INFO:tensorflow:IInfo: 1493320231.504626 10.001920 0.997380 564.731743

