INFO:tensorflow:IInfo: 1493308177.070284 0.000000 0.100260 242045.264648

INFO:tensorflow:IInfo: 1493308265.818423 1.003520 0.534760 125142.061768

INFO:tensorflow:IInfo: 1493308353.963746 2.001920 0.635890 100290.212708

INFO:tensorflow:IInfo: 1493308442.283744 3.000320 0.725420 77143.245911

INFO:tensorflow:IInfo: 1493308531.135021 4.003840 0.767650 66446.823547

INFO:tensorflow:IInfo: 1493308619.549699 5.002240 0.809290 55106.262756

INFO:tensorflow:IInfo: 1493308707.944371 6.000640 0.838770 47301.162903

INFO:tensorflow:IInfo: 1493308796.767730 7.004160 0.855510 41916.704224

INFO:tensorflow:IInfo: 1493308885.135408 8.002560 0.850400 42716.167358

INFO:tensorflow:IInfo: 1493308973.520074 9.000960 0.881720 34770.113007

INFO:tensorflow:IInfo: 1493309062.372901 10.004480 0.898070 29456.014938

INFO:tensorflow:IInfo: 1493309150.778860 11.002880 0.900550 29124.182632

INFO:tensorflow:IInfo: 1493309239.163862 12.001280 0.914520 24814.924904

INFO:tensorflow:IInfo: 1493309328.019281 13.004800 0.926640 21340.861053

INFO:tensorflow:IInfo: 1493309416.382349 14.003200 0.939430 18212.443035

INFO:tensorflow:IInfo: 1493309504.828454 15.001600 0.937970 17966.838745

INFO:tensorflow:IInfo: 1493309593.207037 16.000000 0.939070 17808.887852

INFO:tensorflow:IInfo: 1493309682.063428 17.003520 0.951240 13941.217014

INFO:tensorflow:IInfo: 1493309770.448015 18.001920 0.959010 12003.462179

INFO:tensorflow:IInfo: 1493309858.886856 19.000320 0.961690 11368.530127

INFO:tensorflow:IInfo: 1493309947.690922 20.003840 0.969370 9091.722734

INFO:tensorflow:IInfo: 1493310036.079595 21.002240 0.972930 8111.198964

INFO:tensorflow:IInfo: 1493310124.480967 22.000640 0.979320 6294.264555

INFO:tensorflow:IInfo: 1493310213.324756 23.004160 0.968610 8929.821815

INFO:tensorflow:IInfo: 1493310301.708671 24.002560 0.982320 5400.188112

INFO:tensorflow:IInfo: 1493310390.090339 25.000960 0.983940 4934.974556

INFO:tensorflow:IInfo: 1493310478.884111 26.004480 0.983810 4890.595591

INFO:tensorflow:IInfo: 1493310567.234264 27.002880 0.985550 4347.819992

INFO:tensorflow:IInfo: 1493310655.575804 28.001280 0.974910 6952.104809

INFO:tensorflow:IInfo: 1493310744.414313 29.004800 0.990500 3166.354742

INFO:tensorflow:IInfo: 1493310832.814019 30.003200 0.988900 3393.026155

INFO:tensorflow:IInfo: 1493310921.189525 31.001600 0.994910 1827.474049

INFO:tensorflow:IInfo: 1493311009.557659 32.000000 0.993000 2197.732409

INFO:tensorflow:IInfo: 1493311098.366914 33.003520 0.996880 1106.570646

INFO:tensorflow:IInfo: 1493311186.655344 34.001920 0.997280 999.509530

