INFO:tensorflow:IInfo: 1493706205.748880 0.000000 0.083800 118556.660156

INFO:tensorflow:IInfo: 1493706294.699865 1.000960 0.536380 62162.153687

INFO:tensorflow:IInfo: 1493706383.156469 2.001920 0.691600 43221.979492

INFO:tensorflow:IInfo: 1493706471.433677 3.000320 0.745880 35933.963135

INFO:tensorflow:IInfo: 1493706559.884368 4.001280 0.805720 28023.550171

INFO:tensorflow:IInfo: 1493706648.314170 5.002240 0.819160 25544.942169

INFO:tensorflow:IInfo: 1493706736.527858 6.000640 0.852800 21392.792572

INFO:tensorflow:IInfo: 1493706824.955983 7.001600 0.868500 18927.728882

INFO:tensorflow:IInfo: 1493706913.158130 8.000000 0.883060 17057.493820

INFO:tensorflow:IInfo: 1493707001.571340 9.000960 0.903740 13895.418915

INFO:tensorflow:IInfo: 1493707089.995539 10.001920 0.914920 12222.137390

INFO:tensorflow:IInfo: 1493707178.189322 11.000320 0.923880 10993.629387

INFO:tensorflow:IInfo: 1493707266.703181 12.001280 0.931920 9763.302940

INFO:tensorflow:IInfo: 1493707355.144010 13.002240 0.930920 9838.334679

INFO:tensorflow:IInfo: 1493707443.374185 14.000640 0.949900 7416.325245

INFO:tensorflow:IInfo: 1493707531.817553 15.001600 0.943980 7920.805923

INFO:tensorflow:IInfo: 1493707620.019258 16.000000 0.952520 6724.459297

INFO:tensorflow:IInfo: 1493707708.445802 17.000960 0.961620 5459.259911

INFO:tensorflow:IInfo: 1493707796.893410 18.001920 0.968820 4580.284832

INFO:tensorflow:IInfo: 1493707885.094898 19.000320 0.964860 5084.687973

INFO:tensorflow:IInfo: 1493707973.528187 20.001280 0.978080 3279.030970

INFO:tensorflow:IInfo: 1493708061.933726 21.002240 0.975880 3579.956476

INFO:tensorflow:IInfo: 1493708150.156423 22.000640 0.966340 4770.441700

INFO:tensorflow:IInfo: 1493708238.581772 23.001600 0.983900 2406.040208

INFO:tensorflow:IInfo: 1493708326.795253 24.000000 0.981860 2699.061567

INFO:tensorflow:IInfo: 1493708415.202833 25.000960 0.982560 2472.469911

INFO:tensorflow:IInfo: 1493708503.629360 26.001920 0.989020 1714.764265

INFO:tensorflow:IInfo: 1493708591.823931 27.000320 0.985620 2077.223216

INFO:tensorflow:IInfo: 1493708680.237751 28.001280 0.987880 1693.464135

INFO:tensorflow:IInfo: 1493708768.676068 29.002240 0.982560 2467.254422

INFO:tensorflow:IInfo: 1493708856.887151 30.000640 0.990200 1410.768501

INFO:tensorflow:IInfo: 1493708945.314180 31.001600 0.990020 1425.940852

INFO:tensorflow:IInfo: 1493709033.527830 32.000000 0.992920 1086.918317

INFO:tensorflow:IInfo: 1493709121.954173 33.000960 0.984240 2305.855451

INFO:tensorflow:IInfo: 1493709210.376772 34.001920 0.994280 926.043962

INFO:tensorflow:IInfo: 1493709298.587888 35.000320 0.988960 1652.775890

INFO:tensorflow:IInfo: 1493709387.039155 36.001280 0.993240 1052.041410

INFO:tensorflow:IInfo: 1493709475.476192 37.002240 0.992680 1116.769429

INFO:tensorflow:IInfo: 1493709563.692374 38.000640 0.994500 870.615496

INFO:tensorflow:IInfo: 1493709652.121692 39.001600 0.994980 791.068351

INFO:tensorflow:IInfo: 1493709740.328484 40.000000 0.996580 545.760867

INFO:tensorflow:IInfo: 1493709828.749506 41.000960 0.998700 287.981183

