INFO:tensorflow:IInfo: 1493331891.488903 0.000000 0.092460 118706.662109

INFO:tensorflow:IInfo: 1493332025.030377 1.000000 0.636660 50306.201416

INFO:tensorflow:IInfo: 1493332158.177726 2.000000 0.883120 17625.338440

INFO:tensorflow:IInfo: 1493332291.008419 3.000000 0.956700 6435.949085

INFO:tensorflow:IInfo: 1493332423.257587 4.000000 0.987620 2289.544123

INFO:tensorflow:IInfo: 1493332555.500400 5.000000 0.985140 2093.422661

INFO:tensorflow:IInfo: 1493332688.481103 6.000000 0.996280 622.014853

