INFO:tensorflow:IInfo: 1493316241.194856 0.000000 0.106940 118666.113770

INFO:tensorflow:IInfo: 1493316326.344726 1.003520 0.474320 70731.353394

INFO:tensorflow:IInfo: 1493316410.885948 2.007040 0.581360 56703.063599

INFO:tensorflow:IInfo: 1493316494.306486 3.000320 0.690560 43356.260681

INFO:tensorflow:IInfo: 1493316578.592963 4.003840 0.667780 45908.220581

INFO:tensorflow:IInfo: 1493316662.887237 5.007360 0.816260 27037.401947

INFO:tensorflow:IInfo: 1493316746.302830 6.000640 0.867700 20274.533417

INFO:tensorflow:IInfo: 1493316830.583505 7.004160 0.910120 14246.720245

INFO:tensorflow:IInfo: 1493316914.859437 8.007680 0.944520 9288.832069

INFO:tensorflow:IInfo: 1493316998.282737 9.000960 0.986340 3512.498501

INFO:tensorflow:IInfo: 1493317082.553208 10.004480 0.998800 858.000549

