INFO:tensorflow:IInfo: 1493706219.382079 0.000000 0.102520 119063.978516

INFO:tensorflow:IInfo: 1493706326.979171 1.000320 0.624220 50562.993164

INFO:tensorflow:IInfo: 1493706434.030008 2.000000 0.735280 37285.508362

INFO:tensorflow:IInfo: 1493706541.106673 3.000320 0.797660 29461.625153

INFO:tensorflow:IInfo: 1493706648.128139 4.000000 0.831140 24529.342255

INFO:tensorflow:IInfo: 1493706755.418224 5.000320 0.843600 22665.223267

INFO:tensorflow:IInfo: 1493706862.409909 6.000000 0.878880 18025.327621

INFO:tensorflow:IInfo: 1493706969.471778 7.000320 0.881560 17410.200317

INFO:tensorflow:IInfo: 1493707076.452803 8.000000 0.891720 15386.598541

INFO:tensorflow:IInfo: 1493707183.542526 9.000320 0.910800 13108.169754

INFO:tensorflow:IInfo: 1493707290.256341 10.000000 0.921940 11560.714287

INFO:tensorflow:IInfo: 1493707397.348857 11.000320 0.926380 10809.603966

INFO:tensorflow:IInfo: 1493707504.402870 12.000000 0.923340 10639.620682

INFO:tensorflow:IInfo: 1493707611.773247 13.000320 0.928920 10117.327827

INFO:tensorflow:IInfo: 1493707718.790821 14.000000 0.951520 7135.277836

INFO:tensorflow:IInfo: 1493707825.848708 15.000320 0.961500 5845.976639

INFO:tensorflow:IInfo: 1493707932.862092 16.000000 0.964660 5341.366951

INFO:tensorflow:IInfo: 1493708039.934407 17.000320 0.974220 4084.415524

INFO:tensorflow:IInfo: 1493708146.915323 18.000000 0.970880 4317.988535

INFO:tensorflow:IInfo: 1493708254.006809 19.000320 0.969400 4534.547689

INFO:tensorflow:IInfo: 1493708361.083695 20.000000 0.975960 3605.834396

INFO:tensorflow:IInfo: 1493708468.083388 21.000320 0.973520 3746.612099

INFO:tensorflow:IInfo: 1493708575.075259 22.000000 0.972140 3879.302904

INFO:tensorflow:IInfo: 1493708681.832432 23.000320 0.984680 2414.815718

INFO:tensorflow:IInfo: 1493708788.614696 24.000000 0.981740 2616.774307

INFO:tensorflow:IInfo: 1493708895.714578 25.000320 0.987740 1946.881744

INFO:tensorflow:IInfo: 1493709002.713152 26.000000 0.989060 1736.293795

INFO:tensorflow:IInfo: 1493709109.821396 27.000320 0.985700 2069.993214

INFO:tensorflow:IInfo: 1493709216.810065 28.000000 0.989280 1611.868606

INFO:tensorflow:IInfo: 1493709323.904515 29.000320 0.988120 1826.003051

INFO:tensorflow:IInfo: 1493709430.918238 30.000000 0.990180 1483.656515

INFO:tensorflow:IInfo: 1493709537.963026 31.000320 0.989260 1611.629426

INFO:tensorflow:IInfo: 1493709644.907624 32.000000 0.993960 964.343218

INFO:tensorflow:IInfo: 1493709751.849628 33.000320 0.993780 975.413217

INFO:tensorflow:IInfo: 1493709858.892901 34.000000 0.990540 1407.257032

INFO:tensorflow:IInfo: 1493709965.952531 35.000320 0.994320 929.208434

INFO:tensorflow:IInfo: 1493710072.942410 36.000000 0.995860 705.738345

INFO:tensorflow:IInfo: 1493710180.024301 37.000320 0.995140 807.270954

