INFO:tensorflow:IInfo: 1493320428.583606 0.000000 0.075640 119822.385010

INFO:tensorflow:IInfo: 1493320523.335778 1.000960 0.622240 51505.571533

INFO:tensorflow:IInfo: 1493320617.455943 2.000640 0.741360 36642.598938

INFO:tensorflow:IInfo: 1493320711.568402 3.000320 0.814260 26983.359070

INFO:tensorflow:IInfo: 1493320805.654423 4.000000 0.865760 20047.913483

INFO:tensorflow:IInfo: 1493320899.861138 5.000960 0.900800 14709.549530

INFO:tensorflow:IInfo: 1493320993.935547 6.000640 0.914840 12479.998688

INFO:tensorflow:IInfo: 1493321087.986633 7.000320 0.925800 10723.344131

INFO:tensorflow:IInfo: 1493321182.025157 8.000000 0.940680 8788.724617

INFO:tensorflow:IInfo: 1493321276.162866 9.000960 0.967080 5081.320200

INFO:tensorflow:IInfo: 1493321370.214985 10.000640 0.963960 5413.070099

INFO:tensorflow:IInfo: 1493321464.265850 11.000320 0.973140 4044.754370

INFO:tensorflow:IInfo: 1493321558.315817 12.000000 0.980860 2917.576704

INFO:tensorflow:IInfo: 1493321652.497640 13.000960 0.980300 2933.621204

INFO:tensorflow:IInfo: 1493321746.526015 14.000640 0.987660 1937.298007

INFO:tensorflow:IInfo: 1493321840.580149 15.000320 0.985900 2067.730885

INFO:tensorflow:IInfo: 1493321934.631893 16.000000 0.988580 1732.118778

INFO:tensorflow:IInfo: 1493322028.788617 17.000960 0.986000 2131.929991

INFO:tensorflow:IInfo: 1493322122.858415 18.000640 0.993020 1076.707412

INFO:tensorflow:IInfo: 1493322217.182501 19.000320 0.993700 995.327890

INFO:tensorflow:IInfo: 1493322311.208845 20.000000 0.993440 1004.358789

INFO:tensorflow:IInfo: 1493322405.368670 21.000960 0.992080 1220.316761

INFO:tensorflow:IInfo: 1493322499.436297 22.000640 0.992140 1149.590014

INFO:tensorflow:IInfo: 1493322593.489748 23.000320 0.996780 516.129006

INFO:tensorflow:IInfo: 1493322687.505611 24.000000 0.994460 869.858203

INFO:tensorflow:IInfo: 1493322781.624499 25.000960 0.995860 674.688486

