INFO:tensorflow:IInfo: 1493312763.738710 0.000000 0.079580 117518.710938

INFO:tensorflow:IInfo: 1493312871.236437 1.000320 0.643980 47702.932678

INFO:tensorflow:IInfo: 1493312978.217524 2.000000 0.783840 30288.412506

INFO:tensorflow:IInfo: 1493313085.241645 3.000320 0.871920 18029.207123

INFO:tensorflow:IInfo: 1493313192.203171 4.000000 0.915640 12428.760506

INFO:tensorflow:IInfo: 1493313299.258274 5.000320 0.956780 6671.391315

INFO:tensorflow:IInfo: 1493313406.224933 6.000000 0.969200 5006.049377

INFO:tensorflow:IInfo: 1493313513.240670 7.000320 0.957460 5941.588219

INFO:tensorflow:IInfo: 1493313620.216804 8.000000 0.993980 1211.096457

INFO:tensorflow:IInfo: 1493313727.251718 9.000320 0.989600 1669.695959

INFO:tensorflow:IInfo: 1493313834.164530 10.000000 0.995940 666.461008

