INFO:tensorflow:IInfo: 1493331742.769484 0.000000 0.104880 243945.414795

INFO:tensorflow:IInfo: 1493331834.682292 1.000960 0.602110 109979.325623

INFO:tensorflow:IInfo: 1493331926.642452 2.001920 0.673420 90046.974609

INFO:tensorflow:IInfo: 1493332018.688078 3.000320 0.747550 70503.843994

INFO:tensorflow:IInfo: 1493332110.972638 4.001280 0.810710 54318.408844

INFO:tensorflow:IInfo: 1493332203.374089 5.002240 0.821220 51153.323090

INFO:tensorflow:IInfo: 1493332295.482640 6.000640 0.854970 41680.565475

INFO:tensorflow:IInfo: 1493332387.810828 7.001600 0.871190 37430.688751

INFO:tensorflow:IInfo: 1493332479.913124 8.000000 0.885690 33328.198166

INFO:tensorflow:IInfo: 1493332572.295627 9.000960 0.899580 29256.950760

INFO:tensorflow:IInfo: 1493332664.740607 10.001920 0.911560 25831.521637

INFO:tensorflow:IInfo: 1493332756.842460 11.000320 0.921730 22586.387352

INFO:tensorflow:IInfo: 1493332849.059194 12.001280 0.935440 19020.455063

INFO:tensorflow:IInfo: 1493332941.283093 13.002240 0.931440 19306.918144

INFO:tensorflow:IInfo: 1493333033.269242 14.000640 0.945560 16088.875046

INFO:tensorflow:IInfo: 1493333125.524460 15.001600 0.949170 14600.907703

INFO:tensorflow:IInfo: 1493333217.415608 16.000000 0.942080 16268.170273

INFO:tensorflow:IInfo: 1493333309.754108 17.000960 0.955590 12835.079388

INFO:tensorflow:IInfo: 1493333401.935516 18.001920 0.963540 10779.568991

INFO:tensorflow:IInfo: 1493333493.954443 19.000320 0.961890 10835.783754

INFO:tensorflow:IInfo: 1493333586.120605 20.001280 0.969920 8741.136385

INFO:tensorflow:IInfo: 1493333678.316486 21.002240 0.970480 8489.180695

INFO:tensorflow:IInfo: 1493333770.323381 22.000640 0.977100 6649.652143

INFO:tensorflow:IInfo: 1493333862.655361 23.001600 0.979450 6019.323373

INFO:tensorflow:IInfo: 1493333954.597634 24.000000 0.977310 6574.118246

INFO:tensorflow:IInfo: 1493334046.855215 25.000960 0.984270 4626.868695

INFO:tensorflow:IInfo: 1493334139.124729 26.001920 0.980650 5555.628809

INFO:tensorflow:IInfo: 1493334231.145756 27.000320 0.980020 5565.531454

INFO:tensorflow:IInfo: 1493334323.342335 28.001280 0.987330 3751.229965

INFO:tensorflow:IInfo: 1493334415.600551 29.002240 0.987610 3667.398626

INFO:tensorflow:IInfo: 1493334507.609185 30.000640 0.987890 3658.496402

INFO:tensorflow:IInfo: 1493334599.896613 31.001600 0.985270 4417.131021

INFO:tensorflow:IInfo: 1493334691.855740 32.000000 0.982840 4911.189301

INFO:tensorflow:IInfo: 1493334784.124337 33.000960 0.990290 2908.179840

INFO:tensorflow:IInfo: 1493334876.365432 34.001920 0.983100 4741.170354

INFO:tensorflow:IInfo: 1493334968.386807 35.000320 0.989410 3014.321571

INFO:tensorflow:IInfo: 1493335060.613865 36.001280 0.989450 3007.842026

INFO:tensorflow:IInfo: 1493335152.954422 37.002240 0.990980 2541.654096

INFO:tensorflow:IInfo: 1493335244.905593 38.000640 0.992990 2099.162493

INFO:tensorflow:IInfo: 1493335337.226967 39.001600 0.994410 1904.991660

INFO:tensorflow:IInfo: 1493335429.164926 40.000000 0.997040 984.916803

