INFO:tensorflow:IInfo: 1493450151.160512 0.000000 0.100340 118020.517578

INFO:tensorflow:IInfo: 1493450236.721808 1.003520 0.399420 80733.087280

INFO:tensorflow:IInfo: 1493450320.791960 2.007040 0.456040 72502.609009

INFO:tensorflow:IInfo: 1493450405.172233 3.010560 0.533820 64491.880249

INFO:tensorflow:IInfo: 1493450489.262111 4.014080 0.576040 58843.429077

INFO:tensorflow:IInfo: 1493450573.361553 5.017600 0.627660 50869.620667

INFO:tensorflow:IInfo: 1493450655.745162 6.000640 0.667240 44845.387878

INFO:tensorflow:IInfo: 1493450739.835188 7.004160 0.714900 39716.526733

INFO:tensorflow:IInfo: 1493450823.916547 8.007680 0.754640 34726.732605

INFO:tensorflow:IInfo: 1493450908.013039 9.011200 0.758980 32788.398987

INFO:tensorflow:IInfo: 1493450992.090913 10.014720 0.773940 31043.668579

INFO:tensorflow:IInfo: 1493451076.186317 11.018240 0.838560 22712.267639

INFO:tensorflow:IInfo: 1493451158.556699 12.001280 0.890700 17202.220245

INFO:tensorflow:IInfo: 1493451242.641305 13.004800 0.829680 23079.195526

INFO:tensorflow:IInfo: 1493451326.708459 14.008320 0.980280 5273.277794

INFO:tensorflow:IInfo: 1493451410.804522 15.011840 0.997200 1845.303839

INFO:tensorflow:IInfo: 1493451494.877422 16.015360 0.999380 843.107119

