INFO:tensorflow:IInfo: 1493449965.405089 0.000000 0.076200 121609.542725

INFO:tensorflow:IInfo: 1493450053.462326 1.013760 0.335320 89910.396240

INFO:tensorflow:IInfo: 1493450139.791729 2.027520 0.426840 78474.629395

INFO:tensorflow:IInfo: 1493450223.655564 3.010560 0.415620 79152.905029

INFO:tensorflow:IInfo: 1493450310.365229 4.024320 0.500700 68436.644409

INFO:tensorflow:IInfo: 1493450394.260991 5.007360 0.575820 59210.838989

INFO:tensorflow:IInfo: 1493450480.774743 6.021120 0.585860 57125.542725

INFO:tensorflow:IInfo: 1493450564.650340 7.004160 0.595880 55105.732666

INFO:tensorflow:IInfo: 1493450651.141517 8.017920 0.626040 51878.292847

INFO:tensorflow:IInfo: 1493450735.016721 9.000960 0.639900 50712.965210

INFO:tensorflow:IInfo: 1493450821.501911 10.014720 0.673740 44467.648010

INFO:tensorflow:IInfo: 1493450908.011187 11.028480 0.702080 41398.215027

INFO:tensorflow:IInfo: 1493450991.890117 12.011520 0.723200 39171.672791

INFO:tensorflow:IInfo: 1493451078.379575 13.025280 0.739520 36069.260071

INFO:tensorflow:IInfo: 1493451162.253499 14.008320 0.763280 33371.953003

INFO:tensorflow:IInfo: 1493451248.738545 15.022080 0.793240 29905.393372

INFO:tensorflow:IInfo: 1493451332.610467 16.005120 0.775240 31770.607849

INFO:tensorflow:IInfo: 1493451419.109329 17.018880 0.789480 29800.209412

INFO:tensorflow:IInfo: 1493451502.975844 18.001920 0.802460 28239.627228

INFO:tensorflow:IInfo: 1493451589.462599 19.015680 0.831540 24298.831085

INFO:tensorflow:IInfo: 1493451675.934418 20.029440 0.840720 23136.751251

INFO:tensorflow:IInfo: 1493451759.803500 21.012480 0.852640 21572.868195

INFO:tensorflow:IInfo: 1493451846.329709 22.026240 0.846540 22225.517426

INFO:tensorflow:IInfo: 1493451930.186350 23.009280 0.846960 21561.268982

INFO:tensorflow:IInfo: 1493452016.658283 24.023040 0.874160 18348.991638

INFO:tensorflow:IInfo: 1493452100.520299 25.006080 0.875740 18217.819031

INFO:tensorflow:IInfo: 1493452187.008469 26.019840 0.890520 15994.832245

INFO:tensorflow:IInfo: 1493452270.874502 27.002880 0.871240 18414.340515

INFO:tensorflow:IInfo: 1493452357.347964 28.016640 0.885540 16725.986755

INFO:tensorflow:IInfo: 1493452443.841987 29.030400 0.889200 16057.093826

INFO:tensorflow:IInfo: 1493452527.732927 30.013440 0.892080 15521.973877

INFO:tensorflow:IInfo: 1493452614.218291 31.027200 0.906080 13441.823486

INFO:tensorflow:IInfo: 1493452698.109931 32.010240 0.931920 10373.854462

INFO:tensorflow:IInfo: 1493452784.598796 33.024000 0.913320 12580.670364

INFO:tensorflow:IInfo: 1493452868.493772 34.007040 0.935520 9692.475052

INFO:tensorflow:IInfo: 1493452954.985114 35.020800 0.948100 7894.218010

INFO:tensorflow:IInfo: 1493453038.876085 36.003840 0.860160 20241.124542

INFO:tensorflow:IInfo: 1493453125.363570 37.017600 0.941520 8746.047241

INFO:tensorflow:IInfo: 1493453209.236598 38.000640 0.842200 23372.966522

INFO:tensorflow:IInfo: 1493453295.682163 39.014400 0.536760 62045.449097

INFO:tensorflow:IInfo: 1493453382.101199 40.028160 0.777020 32046.515747

INFO:tensorflow:IInfo: 1493453465.932563 41.011200 0.818360 25711.712524

INFO:tensorflow:IInfo: 1493453552.423390 42.024960 0.861260 20147.847961

INFO:tensorflow:IInfo: 1493453636.244858 43.008000 0.894960 15523.549835

INFO:tensorflow:IInfo: 1493453722.695182 44.021760 0.916380 12656.472610

INFO:tensorflow:IInfo: 1493453806.579285 45.004800 0.931540 10534.782196

INFO:tensorflow:IInfo: 1493453893.092740 46.018560 0.933340 9996.482323

INFO:tensorflow:IInfo: 1493453976.965647 47.001600 0.935380 9588.225143

INFO:tensorflow:IInfo: 1493454063.398276 48.015360 0.954060 7279.953835

INFO:tensorflow:IInfo: 1493454149.870784 49.029120 0.965800 5891.847343

INFO:tensorflow:IInfo: 1493454233.725054 50.012160 0.967460 5372.530266

INFO:tensorflow:IInfo: 1493454320.171018 51.025920 0.957640 6407.030640

INFO:tensorflow:IInfo: 1493454404.049325 52.008960 0.957260 6554.751343

INFO:tensorflow:IInfo: 1493454490.476245 53.022720 0.975860 4016.098679

INFO:tensorflow:IInfo: 1493454574.345364 54.005760 0.995800 1536.980668

