INFO:tensorflow:IInfo: 1493428519.529485 0.000000 0.091040 119218.705811

INFO:tensorflow:IInfo: 1493428607.491000 1.003520 0.395960 81793.701050

INFO:tensorflow:IInfo: 1493428694.158125 2.007040 0.446020 74435.055664

INFO:tensorflow:IInfo: 1493428781.260721 3.010560 0.536040 63820.499023

INFO:tensorflow:IInfo: 1493428868.148798 4.014080 0.578220 58147.958984

INFO:tensorflow:IInfo: 1493428955.028385 5.017600 0.596180 54400.955566

INFO:tensorflow:IInfo: 1493429040.186638 6.000640 0.651800 48592.931213

INFO:tensorflow:IInfo: 1493429127.138499 7.004160 0.685360 44015.246826

INFO:tensorflow:IInfo: 1493429214.036707 8.007680 0.673720 44376.017700

INFO:tensorflow:IInfo: 1493429300.914741 9.011200 0.736160 37463.183716

INFO:tensorflow:IInfo: 1493429387.764363 10.014720 0.738920 36665.305054

INFO:tensorflow:IInfo: 1493429474.633046 11.018240 0.759220 34090.975220

INFO:tensorflow:IInfo: 1493429559.757918 12.001280 0.781340 31027.921631

INFO:tensorflow:IInfo: 1493429646.639300 13.004800 0.762200 33358.178345

INFO:tensorflow:IInfo: 1493429733.509763 14.008320 0.807080 27718.609772

INFO:tensorflow:IInfo: 1493429820.383156 15.011840 0.797260 29015.941895

INFO:tensorflow:IInfo: 1493429907.223319 16.015360 0.835300 24062.343475

INFO:tensorflow:IInfo: 1493429994.084495 17.018880 0.817300 25890.414764

INFO:tensorflow:IInfo: 1493430079.188063 18.001920 0.825900 24908.118683

INFO:tensorflow:IInfo: 1493430166.047932 19.005440 0.858400 20589.651001

INFO:tensorflow:IInfo: 1493430252.881655 20.008960 0.847960 21510.988464

INFO:tensorflow:IInfo: 1493430339.801713 21.012480 0.823320 25004.480560

INFO:tensorflow:IInfo: 1493430426.652106 22.016000 0.886900 16636.088486

INFO:tensorflow:IInfo: 1493430513.488207 23.019520 0.887920 16517.764099

INFO:tensorflow:IInfo: 1493430598.595971 24.002560 0.898400 15026.510818

INFO:tensorflow:IInfo: 1493430685.441491 25.006080 0.889760 15694.774506

INFO:tensorflow:IInfo: 1493430772.310171 26.009600 0.917440 12325.353424

INFO:tensorflow:IInfo: 1493430859.188289 27.013120 0.926820 11124.067322

INFO:tensorflow:IInfo: 1493430946.090032 28.016640 0.889200 15543.163376

INFO:tensorflow:IInfo: 1493431032.993345 29.020160 0.915980 12288.330353

INFO:tensorflow:IInfo: 1493431118.122705 30.003200 0.934200 9718.595444

INFO:tensorflow:IInfo: 1493431204.984112 31.006720 0.911380 12606.984627

INFO:tensorflow:IInfo: 1493431291.901313 32.010240 0.949300 7978.183762

INFO:tensorflow:IInfo: 1493431378.758147 33.013760 0.969680 5409.421616

INFO:tensorflow:IInfo: 1493431465.631837 34.017280 0.926120 10346.734161

INFO:tensorflow:IInfo: 1493431550.702477 35.000320 0.817500 28538.750793

INFO:tensorflow:IInfo: 1493431637.573444 36.003840 0.969680 5168.369301

INFO:tensorflow:IInfo: 1493431724.452160 37.007360 0.989080 2652.864208

INFO:tensorflow:IInfo: 1493431811.304288 38.010880 0.994180 1840.392953

INFO:tensorflow:IInfo: 1493431898.167495 39.014400 0.998860 884.722073

