INFO:tensorflow:IInfo: 1493318891.393118 0.000000 0.095220 118092.402344

INFO:tensorflow:IInfo: 1493319024.843781 1.000000 0.673820 45165.671265

INFO:tensorflow:IInfo: 1493319157.940195 2.000000 0.759680 34256.324524

INFO:tensorflow:IInfo: 1493319290.967903 3.000000 0.807600 27136.513000

INFO:tensorflow:IInfo: 1493319424.026693 4.000000 0.866220 19894.321869

INFO:tensorflow:IInfo: 1493319557.001662 5.000000 0.897860 15559.002213

INFO:tensorflow:IInfo: 1493319690.010263 6.000000 0.907920 13568.689209

INFO:tensorflow:IInfo: 1493319823.142303 7.000000 0.943920 8792.950577

INFO:tensorflow:IInfo: 1493319956.278419 8.000000 0.941380 8513.633354

INFO:tensorflow:IInfo: 1493320089.404817 9.000000 0.960660 6212.503487

INFO:tensorflow:IInfo: 1493320222.587771 10.000000 0.972640 4366.624790

INFO:tensorflow:IInfo: 1493320355.726893 11.000000 0.971180 4367.670984

INFO:tensorflow:IInfo: 1493320488.920808 12.000000 0.986520 2454.901789

INFO:tensorflow:IInfo: 1493320622.092131 13.000000 0.980240 3083.702641

INFO:tensorflow:IInfo: 1493320755.237558 14.000000 0.985780 2246.183634

INFO:tensorflow:IInfo: 1493320888.380790 15.000000 0.992060 1343.428393

INFO:tensorflow:IInfo: 1493321021.556670 16.000000 0.991780 1302.475200

INFO:tensorflow:IInfo: 1493321154.720974 17.000000 0.991440 1418.185946

INFO:tensorflow:IInfo: 1493321287.768205 18.000000 0.995240 848.703911

INFO:tensorflow:IInfo: 1493321420.800608 19.000000 0.994260 937.791379

