INFO:tensorflow:IInfo: 1493428550.211821 0.000000 0.116300 117635.976074

INFO:tensorflow:IInfo: 1493428639.238548 1.013760 0.379340 84865.012329

INFO:tensorflow:IInfo: 1493428726.136745 2.027520 0.387140 82088.597290

INFO:tensorflow:IInfo: 1493428810.469016 3.010560 0.505100 67734.426514

INFO:tensorflow:IInfo: 1493428897.730294 4.024320 0.498020 69102.375000

INFO:tensorflow:IInfo: 1493428982.035342 5.007360 0.565860 59263.117554

INFO:tensorflow:IInfo: 1493429068.972960 6.021120 0.610300 53294.783081

INFO:tensorflow:IInfo: 1493429153.287714 7.004160 0.653480 47379.032532

INFO:tensorflow:IInfo: 1493429240.244504 8.017920 0.699160 42078.366821

INFO:tensorflow:IInfo: 1493429324.583258 9.000960 0.730200 37569.742126

INFO:tensorflow:IInfo: 1493429411.519936 10.014720 0.697960 41503.930176

INFO:tensorflow:IInfo: 1493429498.476183 11.028480 0.742760 35176.142334

INFO:tensorflow:IInfo: 1493429582.755758 12.011520 0.808200 26945.731232

INFO:tensorflow:IInfo: 1493429669.628808 13.025280 0.806300 26927.212830

INFO:tensorflow:IInfo: 1493429753.881412 14.008320 0.803400 28001.565979

INFO:tensorflow:IInfo: 1493429840.792425 15.022080 0.940340 10696.185410

INFO:tensorflow:IInfo: 1493429925.096967 16.005120 0.411860 104801.349121

INFO:tensorflow:IInfo: 1493430011.994486 17.018880 0.921280 13338.761093

INFO:tensorflow:IInfo: 1493430096.265435 18.001920 0.985380 4126.654202

INFO:tensorflow:IInfo: 1493430183.184756 19.015680 0.998520 1269.260648

INFO:tensorflow:IInfo: 1493430270.080485 20.029440 0.999780 637.611310

