INFO:tensorflow:IInfo: 1493449949.039726 0.000000 0.099040 118631.410889

INFO:tensorflow:IInfo: 1493450038.354291 1.003520 0.382240 83206.447876

INFO:tensorflow:IInfo: 1493450127.015330 2.007040 0.514100 67377.022095

INFO:tensorflow:IInfo: 1493450215.231560 3.010560 0.578680 58782.583984

INFO:tensorflow:IInfo: 1493450303.830548 4.014080 0.674200 46728.476501

INFO:tensorflow:IInfo: 1493450392.219388 5.017600 0.713120 40291.112122

INFO:tensorflow:IInfo: 1493450478.811714 6.000640 0.663820 46539.471924

INFO:tensorflow:IInfo: 1493450567.206533 7.004160 0.864780 21230.597687

INFO:tensorflow:IInfo: 1493450655.570629 8.007680 0.973500 7116.715530

INFO:tensorflow:IInfo: 1493450743.886387 9.011200 0.624880 51652.446777

INFO:tensorflow:IInfo: 1493450832.247768 10.014720 0.985660 5287.390869

INFO:tensorflow:IInfo: 1493450920.634645 11.018240 0.999180 1090.984291

INFO:tensorflow:IInfo: 1493451007.171422 12.001280 1.000000 453.672603

