INFO:tensorflow:IInfo: 1493321826.621534 0.000000 0.105160 118061.970947

INFO:tensorflow:IInfo: 1493321923.459153 1.000960 0.706680 41456.766479

INFO:tensorflow:IInfo: 1493322020.620813 2.000640 0.857200 20372.933502

INFO:tensorflow:IInfo: 1493322117.956764 3.000320 0.978700 3764.302549

INFO:tensorflow:IInfo: 1493322215.219824 4.000000 0.958320 6371.732773

INFO:tensorflow:IInfo: 1493322312.691963 5.000960 0.990160 1454.002438

INFO:tensorflow:IInfo: 1493322409.942024 6.000640 1.000000 23.705229

