INFO:tensorflow:IInfo: 1493318911.174630 0.000000 0.089440 117945.668457

INFO:tensorflow:IInfo: 1493318996.682657 1.003520 0.472460 71297.241333

INFO:tensorflow:IInfo: 1493319081.593018 2.007040 0.633700 52060.961609

INFO:tensorflow:IInfo: 1493319165.397798 3.000320 0.720180 38611.571655

INFO:tensorflow:IInfo: 1493319250.061828 4.003840 0.822160 25330.265045

INFO:tensorflow:IInfo: 1493319334.765286 5.007360 0.970680 6656.231812

INFO:tensorflow:IInfo: 1493319418.607371 6.000640 0.999860 549.846170

INFO:tensorflow:IInfo: 1493319503.305060 7.004160 1.000000 203.935598

