INFO:tensorflow:IInfo: 1493308137.668501 0.000000 0.052860 119742.016357

INFO:tensorflow:IInfo: 1493308225.175204 1.003520 0.451100 71670.263916

INFO:tensorflow:IInfo: 1493308311.684470 2.001920 0.645300 49181.903564

INFO:tensorflow:IInfo: 1493308398.204686 3.000320 0.728120 37629.166016

INFO:tensorflow:IInfo: 1493308485.175916 4.003840 0.789100 29853.653290

INFO:tensorflow:IInfo: 1493308571.682644 5.002240 0.841280 23008.963165

INFO:tensorflow:IInfo: 1493308658.184385 6.000640 0.865540 19682.145844

INFO:tensorflow:IInfo: 1493308745.069818 7.004160 0.873640 18172.828461

INFO:tensorflow:IInfo: 1493308831.502811 8.002560 0.900900 14445.713440

INFO:tensorflow:IInfo: 1493308917.935731 9.000960 0.931240 10258.743523

INFO:tensorflow:IInfo: 1493309004.793058 10.004480 0.941920 8437.084785

INFO:tensorflow:IInfo: 1493309091.195061 11.002880 0.957580 6439.386436

INFO:tensorflow:IInfo: 1493309177.595425 12.001280 0.970040 4563.234303

INFO:tensorflow:IInfo: 1493309264.422723 13.004800 0.954160 6513.250217

INFO:tensorflow:IInfo: 1493309350.826246 14.003200 0.962820 5198.092121

INFO:tensorflow:IInfo: 1493309437.218299 15.001600 0.987200 2054.450372

INFO:tensorflow:IInfo: 1493309523.624914 16.000000 0.990960 1530.736271

INFO:tensorflow:IInfo: 1493309610.451272 17.003520 0.985520 2234.534016

INFO:tensorflow:IInfo: 1493309696.848665 18.001920 0.977220 3282.249407

INFO:tensorflow:IInfo: 1493309783.227113 19.000320 0.993900 1042.330801

INFO:tensorflow:IInfo: 1493309870.103756 20.003840 0.998840 321.112020

