INFO:tensorflow:IInfo: 1493331741.747643 0.000000 0.088700 237588.614014

INFO:tensorflow:IInfo: 1493331837.719889 1.000960 0.625850 101415.045044

INFO:tensorflow:IInfo: 1493331933.365418 2.000640 0.724140 77976.078613

INFO:tensorflow:IInfo: 1493332029.167830 3.000320 0.777300 64463.679443

INFO:tensorflow:IInfo: 1493332124.898821 4.000000 0.819380 51960.574036

INFO:tensorflow:IInfo: 1493332220.833078 5.000960 0.842860 45516.533691

INFO:tensorflow:IInfo: 1493332316.863617 6.000640 0.872030 37990.994980

INFO:tensorflow:IInfo: 1493332412.685574 7.000320 0.888300 33086.643051

INFO:tensorflow:IInfo: 1493332508.661426 8.000000 0.894190 31151.338638

INFO:tensorflow:IInfo: 1493332604.595129 9.000960 0.909660 26590.731827

INFO:tensorflow:IInfo: 1493332700.545557 10.000640 0.917960 23988.426636

INFO:tensorflow:IInfo: 1493332796.351127 11.000320 0.928880 20716.821899

INFO:tensorflow:IInfo: 1493332892.140753 12.000000 0.937360 18215.848122

INFO:tensorflow:IInfo: 1493332988.124800 13.000960 0.938180 17931.943699

INFO:tensorflow:IInfo: 1493333084.319267 14.000640 0.941140 16629.191826

INFO:tensorflow:IInfo: 1493333180.137416 15.000320 0.957040 12495.350956

INFO:tensorflow:IInfo: 1493333275.804632 16.000000 0.959340 11921.717041

INFO:tensorflow:IInfo: 1493333371.758119 17.000960 0.962620 10817.541119

INFO:tensorflow:IInfo: 1493333467.660655 18.000640 0.967050 9686.470301

INFO:tensorflow:IInfo: 1493333563.403838 19.000320 0.966530 9777.021481

INFO:tensorflow:IInfo: 1493333659.111335 20.000000 0.979080 6284.793852

INFO:tensorflow:IInfo: 1493333754.971625 21.000960 0.969400 8470.447254

INFO:tensorflow:IInfo: 1493333850.607777 22.000640 0.973270 7855.067005

INFO:tensorflow:IInfo: 1493333946.522047 23.000320 0.981680 5415.864212

INFO:tensorflow:IInfo: 1493334042.267861 24.000000 0.975230 6987.842714

INFO:tensorflow:IInfo: 1493334138.187782 25.000960 0.981360 5553.021550

INFO:tensorflow:IInfo: 1493334233.994679 26.000640 0.987470 3727.632150

INFO:tensorflow:IInfo: 1493334329.876408 27.000320 0.990750 2960.625005

INFO:tensorflow:IInfo: 1493334426.017789 28.000000 0.990070 2993.663029

INFO:tensorflow:IInfo: 1493334522.406747 29.000960 0.991060 2783.177656

INFO:tensorflow:IInfo: 1493334618.374799 30.000640 0.990440 2887.994821

INFO:tensorflow:IInfo: 1493334714.460860 31.000320 0.990650 2852.066474

INFO:tensorflow:IInfo: 1493334810.485580 32.000000 0.993750 2000.151935

INFO:tensorflow:IInfo: 1493334906.604468 33.000960 0.993320 1976.421081

INFO:tensorflow:IInfo: 1493335002.609860 34.000640 0.990950 2726.970471

INFO:tensorflow:IInfo: 1493335098.670014 35.000320 0.991150 2531.800059

INFO:tensorflow:IInfo: 1493335194.891681 36.000000 0.990500 2796.962197

INFO:tensorflow:IInfo: 1493335291.387397 37.000960 0.996230 1217.521801

