INFO:tensorflow:IInfo: 1493319185.082538 0.000000 0.097480 121054.265137

INFO:tensorflow:IInfo: 1493319275.745351 1.000960 0.612460 52760.208679

INFO:tensorflow:IInfo: 1493319366.225612 2.001920 0.791460 28934.617432

INFO:tensorflow:IInfo: 1493319456.450816 3.000320 0.948620 7954.624008

INFO:tensorflow:IInfo: 1493319546.861738 4.001280 0.994340 1319.463362

INFO:tensorflow:IInfo: 1493319637.206249 5.002240 0.999960 77.559291

INFO:tensorflow:IInfo: 1493319727.326442 6.000640 1.000000 13.065632

