INFO:tensorflow:IInfo: 1493428578.685934 0.000000 0.088830 232556.466309

INFO:tensorflow:IInfo: 1493428666.347142 1.013760 0.348550 173950.689819

INFO:tensorflow:IInfo: 1493428752.259731 2.027520 0.394670 160118.628052

INFO:tensorflow:IInfo: 1493428835.693852 3.010560 0.456580 143212.218750

INFO:tensorflow:IInfo: 1493428921.969380 4.024320 0.503720 132896.584717

INFO:tensorflow:IInfo: 1493429005.418357 5.007360 0.579730 117387.556274

INFO:tensorflow:IInfo: 1493429091.436873 6.021120 0.599760 110248.266235

INFO:tensorflow:IInfo: 1493429174.888307 7.004160 0.632450 101921.373901

INFO:tensorflow:IInfo: 1493429260.895291 8.017920 0.651520 96668.876465

INFO:tensorflow:IInfo: 1493429344.376077 9.000960 0.659090 94907.645691

INFO:tensorflow:IInfo: 1493429430.365611 10.014720 0.691210 85973.706055

INFO:tensorflow:IInfo: 1493429516.402749 11.028480 0.709360 80558.705505

INFO:tensorflow:IInfo: 1493429599.828741 12.011520 0.740940 73635.598145

INFO:tensorflow:IInfo: 1493429685.858991 13.025280 0.728760 75293.235413

INFO:tensorflow:IInfo: 1493429769.286846 14.008320 0.766600 66697.704712

INFO:tensorflow:IInfo: 1493429855.308218 15.022080 0.738470 73006.983459

INFO:tensorflow:IInfo: 1493429938.758866 16.005120 0.769090 65973.793213

INFO:tensorflow:IInfo: 1493430024.788178 17.018880 0.785760 60437.389038

INFO:tensorflow:IInfo: 1493430108.220609 18.001920 0.793660 59210.004639

INFO:tensorflow:IInfo: 1493430194.265780 19.015680 0.792770 59754.355316

INFO:tensorflow:IInfo: 1493430280.299960 20.029440 0.843700 45368.722321

INFO:tensorflow:IInfo: 1493430363.731949 21.012480 0.819770 50361.247437

INFO:tensorflow:IInfo: 1493430449.736551 22.026240 0.868300 38457.673035

INFO:tensorflow:IInfo: 1493430533.187078 23.009280 0.857190 41001.017212

INFO:tensorflow:IInfo: 1493430619.199407 24.023040 0.869910 37421.982208

INFO:tensorflow:IInfo: 1493430702.650394 25.006080 0.852660 42108.398590

INFO:tensorflow:IInfo: 1493430788.651430 26.019840 0.890430 32039.553314

INFO:tensorflow:IInfo: 1493430872.071312 27.002880 0.878310 34609.006256

INFO:tensorflow:IInfo: 1493430958.063298 28.016640 0.902330 29019.010544

INFO:tensorflow:IInfo: 1493431044.069465 29.030400 0.913040 25746.656586

INFO:tensorflow:IInfo: 1493431127.483470 30.013440 0.895970 29187.345856

INFO:tensorflow:IInfo: 1493431213.504430 31.027200 0.936400 19683.822044

INFO:tensorflow:IInfo: 1493431296.913889 32.010240 0.927120 22088.225052

INFO:tensorflow:IInfo: 1493431382.936861 33.024000 0.943230 17415.066948

INFO:tensorflow:IInfo: 1493431466.360632 34.007040 0.948010 16333.463516

INFO:tensorflow:IInfo: 1493431552.381463 35.020800 0.924400 21356.483765

INFO:tensorflow:IInfo: 1493431635.784072 36.003840 0.967810 11181.324162

INFO:tensorflow:IInfo: 1493431721.790629 37.017600 0.975930 8871.870651

INFO:tensorflow:IInfo: 1493431805.186817 38.000640 0.970880 10089.662266

INFO:tensorflow:IInfo: 1493431891.198693 39.014400 0.985420 6344.089386

INFO:tensorflow:IInfo: 1493431977.169303 40.028160 0.989280 4790.987034

INFO:tensorflow:IInfo: 1493432060.573293 41.011200 0.994590 3006.054026

INFO:tensorflow:IInfo: 1493432146.582428 42.024960 0.998780 1692.680860

