INFO:tensorflow:IInfo: 1493331878.592897 0.000000 0.100080 235916.856689

INFO:tensorflow:IInfo: 1493331967.197153 1.003520 0.419300 155407.225708

INFO:tensorflow:IInfo: 1493332055.922262 2.007040 0.564450 119704.733887

INFO:tensorflow:IInfo: 1493332143.647969 3.000320 0.634980 101979.433472

INFO:tensorflow:IInfo: 1493332232.382172 4.003840 0.683390 89102.273499

INFO:tensorflow:IInfo: 1493332321.103014 5.007360 0.696570 84041.678650

INFO:tensorflow:IInfo: 1493332408.984202 6.000640 0.751100 70646.671692

INFO:tensorflow:IInfo: 1493332497.762793 7.004160 0.755560 69620.100098

INFO:tensorflow:IInfo: 1493332586.471405 8.007680 0.787350 60650.146179

INFO:tensorflow:IInfo: 1493332674.346780 9.000960 0.789690 59970.713348

INFO:tensorflow:IInfo: 1493332763.048801 10.004480 0.836170 47250.498352

INFO:tensorflow:IInfo: 1493332851.851733 11.008000 0.854310 42538.194672

INFO:tensorflow:IInfo: 1493332940.172896 12.001280 0.845780 43848.147308

INFO:tensorflow:IInfo: 1493333029.399847 13.004800 0.881810 35177.583252

INFO:tensorflow:IInfo: 1493333118.476781 14.008320 0.871610 36735.832077

INFO:tensorflow:IInfo: 1493333206.393467 15.001600 0.906560 27912.468658

INFO:tensorflow:IInfo: 1493333295.166338 16.005120 0.903490 28062.659042

INFO:tensorflow:IInfo: 1493333383.914809 17.008640 0.898780 29665.827332

INFO:tensorflow:IInfo: 1493333471.768910 18.001920 0.927360 21531.818665

INFO:tensorflow:IInfo: 1493333560.487119 19.005440 0.937090 18952.691143

INFO:tensorflow:IInfo: 1493333649.227134 20.008960 0.939540 17904.808624

INFO:tensorflow:IInfo: 1493333737.077060 21.002240 0.944060 16603.690296

INFO:tensorflow:IInfo: 1493333825.738539 22.005760 0.951900 14519.708584

INFO:tensorflow:IInfo: 1493333914.464156 23.009280 0.951880 14317.003429

INFO:tensorflow:IInfo: 1493334002.274981 24.002560 0.965170 10624.079212

INFO:tensorflow:IInfo: 1493334091.076525 25.006080 0.961060 11502.378036

INFO:tensorflow:IInfo: 1493334179.791082 26.009600 0.956300 12562.863682

INFO:tensorflow:IInfo: 1493334267.639344 27.002880 0.985040 5318.483484

INFO:tensorflow:IInfo: 1493334356.342969 28.006400 0.982320 5857.917492

INFO:tensorflow:IInfo: 1493334445.105165 29.009920 0.962030 11016.431561

INFO:tensorflow:IInfo: 1493334532.945124 30.003200 0.965940 9965.145218

INFO:tensorflow:IInfo: 1493334621.666245 31.006720 0.989460 3693.667910

INFO:tensorflow:IInfo: 1493334709.518613 32.000000 0.993490 2571.396051

INFO:tensorflow:IInfo: 1493334798.209404 33.003520 0.997810 1306.246087

INFO:tensorflow:IInfo: 1493334886.948883 34.007040 0.996440 1538.395922

