INFO:tensorflow:IInfo: 1493315321.194307 0.000000 0.088500 118990.177979

INFO:tensorflow:IInfo: 1493315407.169472 1.003520 0.486520 71341.211426

INFO:tensorflow:IInfo: 1493315493.183465 2.007040 0.557520 59931.210083

INFO:tensorflow:IInfo: 1493315578.039303 3.000320 0.638960 49796.703003

INFO:tensorflow:IInfo: 1493315663.755349 4.003840 0.713800 40976.018188

INFO:tensorflow:IInfo: 1493315749.448394 5.007360 0.743980 36231.925049

INFO:tensorflow:IInfo: 1493315834.286080 6.000640 0.772860 32249.231323

INFO:tensorflow:IInfo: 1493315920.010069 7.004160 0.814860 26582.067535

INFO:tensorflow:IInfo: 1493316005.717300 8.007680 0.843000 22729.144440

INFO:tensorflow:IInfo: 1493316090.556041 9.000960 0.850680 21428.370239

INFO:tensorflow:IInfo: 1493316176.265026 10.004480 0.895140 15778.127762

INFO:tensorflow:IInfo: 1493316261.957209 11.008000 0.902460 14210.086273

INFO:tensorflow:IInfo: 1493316346.733760 12.001280 0.916120 12428.268661

INFO:tensorflow:IInfo: 1493316432.373792 13.004800 0.943560 8435.927742

INFO:tensorflow:IInfo: 1493316518.050436 14.008320 0.855220 20871.674561

INFO:tensorflow:IInfo: 1493316602.779974 15.001600 0.927860 10684.270370

INFO:tensorflow:IInfo: 1493316688.350970 16.005120 0.974300 4119.457836

INFO:tensorflow:IInfo: 1493316773.917212 17.008640 0.990160 1991.430567

INFO:tensorflow:IInfo: 1493316858.617960 18.001920 0.999600 379.730975

