INFO:tensorflow:IInfo: 1493706205.410581 0.000000 0.068980 117206.656250

INFO:tensorflow:IInfo: 1493706293.112747 1.003520 0.409660 78085.282227

INFO:tensorflow:IInfo: 1493706380.246092 2.007040 0.561680 60729.426147

INFO:tensorflow:IInfo: 1493706466.270071 3.000320 0.611740 53020.855774

INFO:tensorflow:IInfo: 1493706553.180334 4.003840 0.684180 43507.977844

INFO:tensorflow:IInfo: 1493706640.060799 5.007360 0.729300 38263.425476

INFO:tensorflow:IInfo: 1493706726.010250 6.000640 0.768360 32673.363464

INFO:tensorflow:IInfo: 1493706812.846945 7.004160 0.814780 26841.837738

INFO:tensorflow:IInfo: 1493706899.667116 8.007680 0.824740 25312.520752

INFO:tensorflow:IInfo: 1493706985.659734 9.000960 0.835400 23413.921478

INFO:tensorflow:IInfo: 1493707072.535260 10.004480 0.853740 20904.562469

INFO:tensorflow:IInfo: 1493707159.330041 11.008000 0.830240 24231.071930

INFO:tensorflow:IInfo: 1493707245.237941 12.001280 0.891920 15857.041611

INFO:tensorflow:IInfo: 1493707332.120094 13.004800 0.896360 15007.918503

INFO:tensorflow:IInfo: 1493707418.929320 14.008320 0.908820 13383.150970

INFO:tensorflow:IInfo: 1493707504.916742 15.001600 0.925180 10990.980621

INFO:tensorflow:IInfo: 1493707591.730014 16.005120 0.912980 12413.577721

INFO:tensorflow:IInfo: 1493707678.578166 17.008640 0.928640 10161.383560

INFO:tensorflow:IInfo: 1493707764.547782 18.001920 0.940820 8677.603683

INFO:tensorflow:IInfo: 1493707851.361402 19.005440 0.944720 8032.718193

INFO:tensorflow:IInfo: 1493707938.167996 20.008960 0.954780 6531.431355

INFO:tensorflow:IInfo: 1493708024.095452 21.002240 0.956220 6488.540817

INFO:tensorflow:IInfo: 1493708110.862181 22.005760 0.964360 5283.573318

INFO:tensorflow:IInfo: 1493708197.570339 23.009280 0.959020 5907.097488

INFO:tensorflow:IInfo: 1493708283.387163 24.002560 0.964920 5070.696396

INFO:tensorflow:IInfo: 1493708370.114619 25.006080 0.966140 4651.205536

INFO:tensorflow:IInfo: 1493708456.903688 26.009600 0.971140 4279.544353

INFO:tensorflow:IInfo: 1493708542.765774 27.002880 0.979380 3112.913351

INFO:tensorflow:IInfo: 1493708629.563844 28.006400 0.959400 5700.947124

INFO:tensorflow:IInfo: 1493708716.290884 29.009920 0.971640 4064.494585

INFO:tensorflow:IInfo: 1493708802.190970 30.003200 0.977380 3348.529739

INFO:tensorflow:IInfo: 1493708888.972341 31.006720 0.997900 589.171894

