INFO:tensorflow:IInfo: 1493308180.527887 0.000000 0.146740 118217.106201

INFO:tensorflow:IInfo: 1493308314.385225 1.000000 0.625520 51982.647461

INFO:tensorflow:IInfo: 1493308447.845992 2.000000 0.740260 36860.628601

INFO:tensorflow:IInfo: 1493308581.279805 3.000000 0.810100 27622.866669

INFO:tensorflow:IInfo: 1493308714.731984 4.000000 0.833080 24472.447479

INFO:tensorflow:IInfo: 1493308848.167283 5.000000 0.860440 20613.563049

INFO:tensorflow:IInfo: 1493308981.632936 6.000000 0.873000 18493.531662

INFO:tensorflow:IInfo: 1493309115.094445 7.000000 0.869000 18257.513626

INFO:tensorflow:IInfo: 1493309248.625271 8.000000 0.901500 14051.233673

INFO:tensorflow:IInfo: 1493309382.286326 9.000000 0.906320 13698.698380

INFO:tensorflow:IInfo: 1493309515.987670 10.000000 0.927860 10854.441124

INFO:tensorflow:IInfo: 1493309649.700263 11.000000 0.925620 11027.438965

INFO:tensorflow:IInfo: 1493309783.358305 12.000000 0.939200 8939.994545

INFO:tensorflow:IInfo: 1493309917.116731 13.000000 0.944960 8255.117104

INFO:tensorflow:IInfo: 1493310050.862802 14.000000 0.957260 6471.993000

INFO:tensorflow:IInfo: 1493310184.535510 15.000000 0.949920 7196.850517

INFO:tensorflow:IInfo: 1493310318.234742 16.000000 0.963500 5517.373695

INFO:tensorflow:IInfo: 1493310451.979093 17.000000 0.965920 5147.826866

INFO:tensorflow:IInfo: 1493310585.638415 18.000000 0.976760 3667.382620

INFO:tensorflow:IInfo: 1493310719.322077 19.000000 0.972520 4203.799713

INFO:tensorflow:IInfo: 1493310853.008290 20.000000 0.978140 3355.195978

INFO:tensorflow:IInfo: 1493310986.668932 21.000000 0.975640 3543.530857

INFO:tensorflow:IInfo: 1493311120.377412 22.000000 0.977300 3269.484749

INFO:tensorflow:IInfo: 1493311254.019551 23.000000 0.982780 2567.476048

INFO:tensorflow:IInfo: 1493311387.736834 24.000000 0.984160 2442.828732

INFO:tensorflow:IInfo: 1493311521.030229 25.000000 0.986900 2075.423529

INFO:tensorflow:IInfo: 1493311654.424563 26.000000 0.978040 3155.218365

INFO:tensorflow:IInfo: 1493311788.079301 27.000000 0.989620 1708.038792

INFO:tensorflow:IInfo: 1493311921.828319 28.000000 0.989400 1673.343050

INFO:tensorflow:IInfo: 1493312055.511363 29.000000 0.992780 1178.434311

INFO:tensorflow:IInfo: 1493312189.226792 30.000000 0.994180 1018.665908

INFO:tensorflow:IInfo: 1493312322.878117 31.000000 0.993640 1096.624385

INFO:tensorflow:IInfo: 1493312456.568881 32.000000 0.991240 1345.940713

INFO:tensorflow:IInfo: 1493312590.226425 33.000000 0.993440 1048.975339

INFO:tensorflow:IInfo: 1493312723.932086 34.000000 0.995580 764.437983

INFO:tensorflow:IInfo: 1493312857.672809 35.000000 0.995800 753.372889

