INFO:tensorflow:IInfo: 1489873135.462251 0.000000 0.098933 465.262519

INFO:tensorflow:IInfo: 1489873188.536189 1.002667 0.851850 27.216357

INFO:tensorflow:IInfo: 1489873389.609141 2.001067 0.953433 9.211401

INFO:tensorflow:IInfo: 1489873591.499526 3.003733 0.966417 6.546381

INFO:tensorflow:IInfo: 1489873792.515617 4.002133 0.971950 5.390777

INFO:tensorflow:IInfo: 1489873993.502058 5.000533 0.975633 4.622735

INFO:tensorflow:IInfo: 1489874195.324065 6.003200 0.978300 4.195464

INFO:tensorflow:IInfo: 1489874396.336809 7.001600 0.979767 3.803153

INFO:tensorflow:IInfo: 1489874597.305778 8.000000 0.982400 3.384434

INFO:tensorflow:IInfo: 1489874799.125946 9.002667 0.983783 3.109227

INFO:tensorflow:IInfo: 1489875000.150715 10.001067 0.983250 3.064052

INFO:tensorflow:IInfo: 1489875202.007898 11.003733 0.985200 2.825322

