INFO:tensorflow:IInfo: 1489921157.884482 0.000000 0.099867 464.178569

INFO:tensorflow:IInfo: 1489921161.268581 1.006933 0.265783 126.104836

INFO:tensorflow:IInfo: 1489921164.432840 2.013867 0.514317 92.927480

INFO:tensorflow:IInfo: 1489921167.665945 3.003733 0.681533 60.844244

INFO:tensorflow:IInfo: 1489921181.597308 4.010667 0.879200 22.975831

INFO:tensorflow:IInfo: 1489921205.478907 5.000533 0.930183 13.551604

INFO:tensorflow:IInfo: 1489921229.836359 6.007467 0.946167 10.637121

INFO:tensorflow:IInfo: 1489921254.141020 7.014400 0.954650 8.773232

