INFO:tensorflow:IInfo: 1489917053.119628 0.000000 0.101467 464.070236

INFO:tensorflow:IInfo: 1489917057.766761 1.006933 0.512000 93.062253

INFO:tensorflow:IInfo: 1489917061.898032 2.013867 0.770650 42.991166

INFO:tensorflow:IInfo: 1489917073.197571 3.003733 0.910667 17.179147

INFO:tensorflow:IInfo: 1489917084.992981 4.010667 0.938450 11.800505

INFO:tensorflow:IInfo: 1489917096.566957 5.000533 0.951583 9.485116

INFO:tensorflow:IInfo: 1489917108.368009 6.007467 0.957950 8.303309

INFO:tensorflow:IInfo: 1489917120.161512 7.014400 0.961950 7.327931

INFO:tensorflow:IInfo: 1489917131.754784 8.004267 0.965617 6.611229

