INFO:tensorflow:IInfo: 1489886183.131825 0.000000 0.099750 464.458826

INFO:tensorflow:IInfo: 1489886197.465135 1.002667 0.922750 14.834716

INFO:tensorflow:IInfo: 1489886214.551728 2.001067 0.952817 8.967537

INFO:tensorflow:IInfo: 1489886239.090310 3.003733 0.968100 6.018457

INFO:tensorflow:IInfo: 1489886263.573351 4.002133 0.972650 5.095582

INFO:tensorflow:IInfo: 1489886287.991110 5.000533 0.978017 4.078471

INFO:tensorflow:IInfo: 1489886312.525961 6.003200 0.980250 3.660976

INFO:tensorflow:IInfo: 1489886337.032497 7.001600 0.983367 3.244737

INFO:tensorflow:IInfo: 1489886361.454479 8.000000 0.984550 2.934087

INFO:tensorflow:IInfo: 1489886386.066425 9.002667 0.985983 2.586396

INFO:tensorflow:IInfo: 1489886410.539719 10.001067 0.986250 2.568897

INFO:tensorflow:IInfo: 1489886435.076435 11.003733 0.986950 2.438157

INFO:tensorflow:IInfo: 1489886459.505977 12.002133 0.988350 2.209011

