INFO:tensorflow:IInfo: 1489885353.587574 0.000000 0.099817 462.904637

INFO:tensorflow:IInfo: 1489885360.291137 1.006933 0.742500 49.175200

INFO:tensorflow:IInfo: 1489885366.759858 2.013867 0.873833 23.980733

INFO:tensorflow:IInfo: 1489885373.044405 3.003733 0.914067 16.703329

INFO:tensorflow:IInfo: 1489885379.648122 4.010667 0.939367 11.881086

INFO:tensorflow:IInfo: 1489885386.113039 5.000533 0.951017 9.589480

INFO:tensorflow:IInfo: 1489885392.707572 6.007467 0.957533 8.192456

INFO:tensorflow:IInfo: 1489885399.232628 7.014400 0.962233 7.278893

INFO:tensorflow:IInfo: 1489885405.742345 8.004267 0.965367 6.729519

INFO:tensorflow:IInfo: 1489885412.293505 9.011200 0.967183 6.254783

INFO:tensorflow:IInfo: 1489885418.807170 10.001067 0.970533 5.742757

INFO:tensorflow:IInfo: 1489885425.440324 11.008000 0.971417 5.423499

INFO:tensorflow:IInfo: 1489885431.997642 12.014933 0.972617 5.110191

INFO:tensorflow:IInfo: 1489885438.505158 13.004800 0.973567 5.006307

INFO:tensorflow:IInfo: 1489885445.088506 14.011733 0.975600 4.525607

INFO:tensorflow:IInfo: 1489885451.562653 15.001600 0.977050 4.367130

INFO:tensorflow:IInfo: 1489885458.179781 16.008533 0.978633 4.078230

