INFO:tensorflow:IInfo: 1489875818.340572 0.000000 0.098967 465.051198

INFO:tensorflow:IInfo: 1489876575.122991 1.000533 0.956883 8.500998

INFO:tensorflow:IInfo: 1489877380.829208 2.000000 0.972733 5.207622

INFO:tensorflow:IInfo: 1489878187.402847 3.000533 0.979233 4.093984

INFO:tensorflow:IInfo: 1489878993.138372 4.000000 0.982417 3.379415

INFO:tensorflow:IInfo: 1489879799.725421 5.000533 0.983817 3.251333

INFO:tensorflow:IInfo: 1489880605.457536 6.000000 0.985467 2.740108

INFO:tensorflow:IInfo: 1489881412.061896 7.000533 0.986033 2.730476

INFO:tensorflow:IInfo: 1489882217.808752 8.000000 0.987633 2.339077

INFO:tensorflow:IInfo: 1489883024.403428 9.000533 0.990650 1.871698

INFO:tensorflow:IInfo: 1489883830.120470 10.000000 0.989500 2.066103

INFO:tensorflow:IInfo: 1489884636.710789 11.000533 0.990967 1.689702

