INFO:tensorflow:IInfo: 1489887176.447096 0.000000 0.100367 465.289712

INFO:tensorflow:IInfo: 1489887251.780996 1.000533 0.963750 7.172589

INFO:tensorflow:IInfo: 1489887352.256002 2.000000 0.979400 3.965035

INFO:tensorflow:IInfo: 1489887452.895329 3.000533 0.984417 2.987031

INFO:tensorflow:IInfo: 1489887553.379872 4.000000 0.986567 2.539584

INFO:tensorflow:IInfo: 1489887653.964864 5.000533 0.988783 2.171665

INFO:tensorflow:IInfo: 1489887754.483417 6.000000 0.989417 1.968335

INFO:tensorflow:IInfo: 1489887855.069934 7.000533 0.990950 1.605109

INFO:tensorflow:IInfo: 1489887955.548266 8.000000 0.992433 1.402545

INFO:tensorflow:IInfo: 1489888056.209382 9.000533 0.993183 1.231365

INFO:tensorflow:IInfo: 1489888156.703793 10.000000 0.993333 1.163408

INFO:tensorflow:IInfo: 1489888257.290089 11.000533 0.993333 1.241222

