INFO:tensorflow:IInfo: 1489894071.249528 0.000000 0.098867 463.896049

INFO:tensorflow:IInfo: 1489894074.791193 1.006933 0.112800 636.843451

INFO:tensorflow:IInfo: 1489894092.789601 2.013867 0.312433 120.322831

INFO:tensorflow:IInfo: 1489894178.254158 3.003733 0.880933 22.606425

INFO:tensorflow:IInfo: 1489894278.213166 4.010667 0.926000 14.222096

INFO:tensorflow:IInfo: 1489894376.413784 5.000533 0.944000 10.645351

INFO:tensorflow:IInfo: 1489894476.355060 6.007467 0.951633 9.325494

INFO:tensorflow:IInfo: 1489894576.265156 7.014400 0.960067 7.746518

INFO:tensorflow:IInfo: 1489894674.470613 8.004267 0.959900 7.489619

INFO:tensorflow:IInfo: 1489894774.430396 9.011200 0.964417 6.739488

INFO:tensorflow:IInfo: 1489894872.618813 10.001067 0.967700 6.176886

INFO:tensorflow:IInfo: 1489894972.574651 11.008000 0.969667 5.804274

