INFO:tensorflow:IInfo: 1489871970.170662 0.000000 0.100033 464.332837

INFO:tensorflow:IInfo: 1489871973.390605 1.006933 0.127867 164.747184

INFO:tensorflow:IInfo: 1489872004.743212 2.013867 0.830417 31.779577

INFO:tensorflow:IInfo: 1489872053.431319 3.003733 0.917083 15.849284

INFO:tensorflow:IInfo: 1489872102.987783 4.010667 0.940267 11.406430

INFO:tensorflow:IInfo: 1489872151.708392 5.000533 0.950867 9.499836

INFO:tensorflow:IInfo: 1489872201.210844 6.007467 0.957200 8.237377

INFO:tensorflow:IInfo: 1489872250.850866 7.014400 0.962100 7.276708

INFO:tensorflow:IInfo: 1489872299.511905 8.004267 0.963717 6.904933

INFO:tensorflow:IInfo: 1489872349.055701 9.011200 0.967283 6.130856

INFO:tensorflow:IInfo: 1489872397.763415 10.001067 0.970367 5.724796

INFO:tensorflow:IInfo: 1489872447.308837 11.008000 0.972500 5.292776

INFO:tensorflow:IInfo: 1489872496.911945 12.014933 0.973900 4.969622

