INFO:tensorflow:IInfo: 1490068284.476294 0.000000 0.100483 464.233386

INFO:tensorflow:IInfo: 1490068295.667046 1.006933 0.884900 21.974652

INFO:tensorflow:IInfo: 1490068306.104649 2.013867 0.929283 13.645360

INFO:tensorflow:IInfo: 1490068316.374268 3.003733 0.945833 10.614512

INFO:tensorflow:IInfo: 1490068326.808702 4.010667 0.953567 8.840175

INFO:tensorflow:IInfo: 1490068337.073356 5.000533 0.960917 7.627251

INFO:tensorflow:IInfo: 1490068347.517486 6.007467 0.963833 6.993738

INFO:tensorflow:IInfo: 1490068357.955086 7.014400 0.966833 6.341309

INFO:tensorflow:IInfo: 1490068368.217174 8.004267 0.970050 5.752227

INFO:tensorflow:IInfo: 1490068378.657817 9.011200 0.971917 5.436255
