INFO:tensorflow:IInfo: 1493554204.286715 0.000000 0.076760 119137.334961

INFO:tensorflow:IInfo: 1493554300.039474 1.000960 0.633520 51006.479614

INFO:tensorflow:IInfo: 1493554395.184022 2.000640 0.709460 39991.139343

INFO:tensorflow:IInfo: 1493554490.243911 3.000320 0.790400 29888.252930

INFO:tensorflow:IInfo: 1493554585.401001 4.000000 0.814160 27094.603790

INFO:tensorflow:IInfo: 1493554680.590597 5.000960 0.849280 22257.340149

INFO:tensorflow:IInfo: 1493554775.690714 6.000640 0.865720 19430.027496

INFO:tensorflow:IInfo: 1493554870.700473 7.000320 0.862100 19743.839905

INFO:tensorflow:IInfo: 1493554965.750377 8.000000 0.883360 16723.262573

INFO:tensorflow:IInfo: 1493555060.885143 9.000960 0.909840 13379.560104

INFO:tensorflow:IInfo: 1493555155.862758 10.000640 0.922700 11581.781876

INFO:tensorflow:IInfo: 1493555250.692782 11.000320 0.927040 10510.242760

INFO:tensorflow:IInfo: 1493555345.548039 12.000000 0.927100 10603.268951

INFO:tensorflow:IInfo: 1493555440.513108 13.000960 0.944520 7989.175323

INFO:tensorflow:IInfo: 1493555535.348430 14.000640 0.950960 7257.943001

INFO:tensorflow:IInfo: 1493555630.183044 15.000320 0.958400 6113.705536

INFO:tensorflow:IInfo: 1493555725.020854 16.000000 0.958520 6101.964226

INFO:tensorflow:IInfo: 1493555819.955816 17.000960 0.961160 5561.356873

INFO:tensorflow:IInfo: 1493555914.783328 18.000640 0.966580 4888.906000

INFO:tensorflow:IInfo: 1493556009.583185 19.000320 0.963320 5143.302198

INFO:tensorflow:IInfo: 1493556104.377972 20.000000 0.975780 3581.358074

INFO:tensorflow:IInfo: 1493556199.320447 21.000960 0.963880 4998.391735

INFO:tensorflow:IInfo: 1493556294.130274 22.000640 0.977520 3319.376381

INFO:tensorflow:IInfo: 1493556388.909009 23.000320 0.977460 3175.479609

INFO:tensorflow:IInfo: 1493556483.723627 24.000000 0.981080 2780.484959

INFO:tensorflow:IInfo: 1493556578.619402 25.000960 0.981080 2648.404302

INFO:tensorflow:IInfo: 1493556673.436432 26.000640 0.983520 2427.061167

INFO:tensorflow:IInfo: 1493556768.215188 27.000320 0.983740 2402.462902

INFO:tensorflow:IInfo: 1493556863.065362 28.000000 0.989340 1675.820379

INFO:tensorflow:IInfo: 1493556957.969324 29.000960 0.987520 1849.040401

INFO:tensorflow:IInfo: 1493557052.786677 30.000640 0.990140 1457.260391

INFO:tensorflow:IInfo: 1493557147.565013 31.000320 0.990560 1458.303936

INFO:tensorflow:IInfo: 1493557242.395512 32.000000 0.984120 2272.547379

INFO:tensorflow:IInfo: 1493557337.436515 33.000960 0.992680 1140.085448

INFO:tensorflow:IInfo: 1493557432.259933 34.000640 0.991520 1220.400452

INFO:tensorflow:IInfo: 1493557527.131413 35.000320 0.993940 968.392007

INFO:tensorflow:IInfo: 1493557621.948064 36.000000 0.988620 1597.579863

INFO:tensorflow:IInfo: 1493557716.889282 37.000960 0.994680 868.894861

INFO:tensorflow:IInfo: 1493557811.727015 38.000640 0.994200 869.653643

INFO:tensorflow:IInfo: 1493557906.527368 39.000320 0.994840 809.739621

INFO:tensorflow:IInfo: 1493558001.375186 40.000000 0.992280 1156.595150

INFO:tensorflow:IInfo: 1493558096.316348 41.000960 0.995960 630.805824

