INFO:tensorflow:IInfo: 1493544534.591912 0.000000 0.103160 120158.232178

INFO:tensorflow:IInfo: 1493544623.615916 1.003520 0.555300 60907.522583

INFO:tensorflow:IInfo: 1493544711.597659 2.001920 0.681340 44122.059387

INFO:tensorflow:IInfo: 1493544799.567576 3.000320 0.758200 34214.706970

INFO:tensorflow:IInfo: 1493544887.931786 4.003840 0.783800 31193.252625

INFO:tensorflow:IInfo: 1493544975.877926 5.002240 0.838000 23645.330368

INFO:tensorflow:IInfo: 1493545063.805162 6.000640 0.866920 19003.475723

INFO:tensorflow:IInfo: 1493545152.156654 7.004160 0.897060 15136.634445

INFO:tensorflow:IInfo: 1493545240.082458 8.002560 0.917180 12023.730675

INFO:tensorflow:IInfo: 1493545327.981544 9.000960 0.947500 8084.662983

INFO:tensorflow:IInfo: 1493545416.372908 10.004480 0.956280 6783.105953

INFO:tensorflow:IInfo: 1493545504.269856 11.002880 0.948960 7615.938683

INFO:tensorflow:IInfo: 1493545592.197373 12.001280 0.967520 5030.077095

INFO:tensorflow:IInfo: 1493545680.498263 13.004800 0.975680 3772.462553

INFO:tensorflow:IInfo: 1493545768.324442 14.003200 0.978320 3265.519211

INFO:tensorflow:IInfo: 1493545856.162508 15.001600 0.977260 3341.015038

INFO:tensorflow:IInfo: 1493545944.017018 16.000000 0.994220 1089.071455

INFO:tensorflow:IInfo: 1493546032.257775 17.003520 0.992960 1220.636841

INFO:tensorflow:IInfo: 1493546120.037035 18.001920 0.988100 1872.720984

INFO:tensorflow:IInfo: 1493546207.845916 19.000320 0.978540 3112.718760

INFO:tensorflow:IInfo: 1493546296.112266 20.003840 0.982300 2558.745943

INFO:tensorflow:IInfo: 1493546383.937502 21.002240 0.997720 574.574996

