INFO:tensorflow:IInfo: 1493550857.875009 0.000000 0.111760 116194.913818

INFO:tensorflow:IInfo: 1493550965.457303 1.000320 0.713520 39586.903625

INFO:tensorflow:IInfo: 1493551072.539055 2.000000 0.896480 16018.029602

INFO:tensorflow:IInfo: 1493551179.597498 3.000320 0.935360 9417.922966

INFO:tensorflow:IInfo: 1493551286.549954 4.000000 0.988400 2278.326466

INFO:tensorflow:IInfo: 1493551393.620883 5.000320 0.989860 1799.166790

INFO:tensorflow:IInfo: 1493551500.585389 6.000000 0.989840 1644.821295

INFO:tensorflow:IInfo: 1493551607.651107 7.000320 0.999600 97.677843

INFO:tensorflow:IInfo: 1493551714.662251 8.000000 1.000000 12.334857

