INFO:tensorflow:IInfo: 1493662467.820616 0.000000 0.072440 119638.639160

INFO:tensorflow:IInfo: 1493662554.923539 1.003520 0.333020 88033.410767

INFO:tensorflow:IInfo: 1493662641.020480 2.007040 0.456740 74343.058960

INFO:tensorflow:IInfo: 1493662727.392441 3.010560 0.501140 67884.633911

INFO:tensorflow:IInfo: 1493662813.543113 4.014080 0.546880 61390.292114

INFO:tensorflow:IInfo: 1493662899.635243 5.017600 0.579920 56310.315430

INFO:tensorflow:IInfo: 1493662984.046469 6.000640 0.639700 49706.826233

INFO:tensorflow:IInfo: 1493663070.165194 7.004160 0.682020 44227.764526

INFO:tensorflow:IInfo: 1493663156.282314 8.007680 0.681420 43868.677063

INFO:tensorflow:IInfo: 1493663242.380538 9.011200 0.722560 38730.876709

INFO:tensorflow:IInfo: 1493663328.481209 10.014720 0.764660 33585.715027

INFO:tensorflow:IInfo: 1493663414.610192 11.018240 0.769860 32381.033081

INFO:tensorflow:IInfo: 1493663499.001039 12.001280 0.784560 30674.616028

INFO:tensorflow:IInfo: 1493663585.160489 13.004800 0.808220 27903.666809

INFO:tensorflow:IInfo: 1493663671.243016 14.008320 0.814720 26567.829437

INFO:tensorflow:IInfo: 1493663757.343822 15.011840 0.811960 26519.080475

INFO:tensorflow:IInfo: 1493663843.462052 16.015360 0.830740 23948.226685

INFO:tensorflow:IInfo: 1493663929.602993 17.018880 0.819360 25772.544189

INFO:tensorflow:IInfo: 1493664013.976483 18.001920 0.855640 20825.494629

INFO:tensorflow:IInfo: 1493664100.076441 19.005440 0.854020 20856.110931

INFO:tensorflow:IInfo: 1493664186.190990 20.008960 0.861480 19945.093994

INFO:tensorflow:IInfo: 1493664272.304706 21.012480 0.878820 17832.855408

INFO:tensorflow:IInfo: 1493664358.446222 22.016000 0.858700 19255.740417

INFO:tensorflow:IInfo: 1493664444.568886 23.019520 0.898740 14761.771194

INFO:tensorflow:IInfo: 1493664528.880733 24.002560 0.897360 14719.070831

INFO:tensorflow:IInfo: 1493664614.854871 25.006080 0.906420 13801.858826

INFO:tensorflow:IInfo: 1493664700.841861 26.009600 0.891600 15521.710022

INFO:tensorflow:IInfo: 1493664786.791997 27.013120 0.933500 10137.965027

INFO:tensorflow:IInfo: 1493664872.788802 28.016640 0.939200 9226.812820

INFO:tensorflow:IInfo: 1493664958.803910 29.020160 0.915440 12342.499405

INFO:tensorflow:IInfo: 1493665043.032445 30.003200 0.889580 15435.307709

INFO:tensorflow:IInfo: 1493665128.858199 31.006720 0.923520 11102.366043

INFO:tensorflow:IInfo: 1493665214.667470 32.010240 0.911720 12219.873322

INFO:tensorflow:IInfo: 1493665301.400551 33.013760 0.949020 7347.738411

INFO:tensorflow:IInfo: 1493665387.943254 34.017280 0.793140 35203.274902

INFO:tensorflow:IInfo: 1493665472.747790 35.000320 0.987540 2878.303902

INFO:tensorflow:IInfo: 1493665558.948097 36.003840 0.997500 1392.330067

INFO:tensorflow:IInfo: 1493665645.465886 37.007360 0.999240 773.778059

INFO:tensorflow:IInfo: 1493665731.662240 38.010880 0.999840 443.209488

