INFO:tensorflow:IInfo: 1493555528.133002 0.000000 0.074010 237029.475342

INFO:tensorflow:IInfo: 1493555624.854966 1.000960 0.604820 110250.870544

INFO:tensorflow:IInfo: 1493555721.716884 2.000640 0.723610 77432.228943

INFO:tensorflow:IInfo: 1493555818.490221 3.000320 0.739800 74128.157349

INFO:tensorflow:IInfo: 1493555914.850954 4.000000 0.807340 55487.323090

INFO:tensorflow:IInfo: 1493556011.573376 5.000960 0.840670 46170.426788

INFO:tensorflow:IInfo: 1493556107.900908 6.000640 0.859650 40775.014725

INFO:tensorflow:IInfo: 1493556204.269274 7.000320 0.876090 36063.320984

INFO:tensorflow:IInfo: 1493556300.613039 8.000000 0.891670 31310.550903

INFO:tensorflow:IInfo: 1493556397.072169 9.000960 0.898960 28938.732887

INFO:tensorflow:IInfo: 1493556493.388416 10.000640 0.914480 24634.408699

INFO:tensorflow:IInfo: 1493556589.719353 11.000320 0.924260 22040.015717

INFO:tensorflow:IInfo: 1493556686.039600 12.000000 0.926090 21539.080734

INFO:tensorflow:IInfo: 1493556782.510329 13.000960 0.939110 17894.010311

INFO:tensorflow:IInfo: 1493556878.761087 14.000640 0.942250 17070.504158

INFO:tensorflow:IInfo: 1493556975.047712 15.000320 0.942820 16365.457741

INFO:tensorflow:IInfo: 1493557071.293561 16.000000 0.959360 11939.694902

INFO:tensorflow:IInfo: 1493557167.706506 17.000960 0.960540 11610.092846

INFO:tensorflow:IInfo: 1493557264.227988 18.000640 0.963710 10403.251770

INFO:tensorflow:IInfo: 1493557360.500551 19.000320 0.967350 9428.687401

INFO:tensorflow:IInfo: 1493557456.748486 20.000000 0.973250 7876.663858

INFO:tensorflow:IInfo: 1493557553.148148 21.000960 0.970380 8715.421988

INFO:tensorflow:IInfo: 1493557649.379133 22.000640 0.976820 6908.830002

INFO:tensorflow:IInfo: 1493557745.655960 23.000320 0.982070 5592.231746

INFO:tensorflow:IInfo: 1493557841.931250 24.000000 0.981000 5520.958076

INFO:tensorflow:IInfo: 1493557938.664877 25.000960 0.982110 5147.712023

INFO:tensorflow:IInfo: 1493558034.922916 26.000640 0.988280 3585.671917

INFO:tensorflow:IInfo: 1493558131.205317 27.000320 0.986830 4010.325748

INFO:tensorflow:IInfo: 1493558227.702332 28.000000 0.987160 3792.172408

INFO:tensorflow:IInfo: 1493558324.089065 29.000960 0.984480 4462.708503

INFO:tensorflow:IInfo: 1493558420.307074 30.000640 0.985070 4335.698357

INFO:tensorflow:IInfo: 1493558516.937434 31.000320 0.983750 4660.335286

INFO:tensorflow:IInfo: 1493558613.203466 32.000000 0.993340 2048.397589

INFO:tensorflow:IInfo: 1493558709.947348 33.000960 0.989620 3091.087049

INFO:tensorflow:IInfo: 1493558806.737171 34.000640 0.991730 2533.956985

INFO:tensorflow:IInfo: 1493558902.998976 35.000320 0.992490 2309.370596

INFO:tensorflow:IInfo: 1493558999.244339 36.000000 0.993660 2024.324519

INFO:tensorflow:IInfo: 1493559095.633734 37.000960 0.991770 2431.710349

INFO:tensorflow:IInfo: 1493559192.194258 38.000640 0.986680 3745.991148

INFO:tensorflow:IInfo: 1493559288.491035 39.000320 0.995320 1473.367843

