INFO:tensorflow:IInfo: 1493719910.667158 0.000000 0.138600 117466.519287

INFO:tensorflow:IInfo: 1493720044.312235 1.000000 0.621300 53754.201355

INFO:tensorflow:IInfo: 1493720177.316110 2.000000 0.743760 36541.964844

INFO:tensorflow:IInfo: 1493720310.335735 3.000000 0.777020 32058.097961

INFO:tensorflow:IInfo: 1493720443.475230 4.000000 0.825980 25449.775909

INFO:tensorflow:IInfo: 1493720576.448924 5.000000 0.837460 23294.025909

INFO:tensorflow:IInfo: 1493720709.402784 6.000000 0.868060 19509.892014

INFO:tensorflow:IInfo: 1493720842.333085 7.000000 0.881720 17251.923920

INFO:tensorflow:IInfo: 1493720975.336617 8.000000 0.896420 15032.010818

INFO:tensorflow:IInfo: 1493721108.379790 9.000000 0.911740 12950.454697

INFO:tensorflow:IInfo: 1493721241.465614 10.000000 0.919560 11854.574364

INFO:tensorflow:IInfo: 1493721374.541053 11.000000 0.910000 12929.660980

INFO:tensorflow:IInfo: 1493721507.555569 12.000000 0.932600 10172.308723

INFO:tensorflow:IInfo: 1493721640.537858 13.000000 0.950280 7430.152443

INFO:tensorflow:IInfo: 1493721773.518696 14.000000 0.947000 7764.028664

INFO:tensorflow:IInfo: 1493721906.625625 15.000000 0.939500 8627.389107

INFO:tensorflow:IInfo: 1493722039.670261 16.000000 0.953760 6867.067360

INFO:tensorflow:IInfo: 1493722172.847205 17.000000 0.968940 4877.839314

INFO:tensorflow:IInfo: 1493722305.808172 18.000000 0.965580 5073.987339

INFO:tensorflow:IInfo: 1493722438.780658 19.000000 0.964560 5128.813438

INFO:tensorflow:IInfo: 1493722571.769747 20.000000 0.981260 2978.353067

INFO:tensorflow:IInfo: 1493722704.815614 21.000000 0.972960 4000.005322

INFO:tensorflow:IInfo: 1493722837.914531 22.000000 0.981320 2914.909435

INFO:tensorflow:IInfo: 1493722970.959836 23.000000 0.981940 2750.393210

INFO:tensorflow:IInfo: 1493723103.959754 24.000000 0.980940 2832.956198

INFO:tensorflow:IInfo: 1493723236.981620 25.000000 0.986480 1969.573572

INFO:tensorflow:IInfo: 1493723370.000170 26.000000 0.987360 1958.639233

INFO:tensorflow:IInfo: 1493723502.929618 27.000000 0.989620 1685.265601

INFO:tensorflow:IInfo: 1493723635.903103 28.000000 0.990980 1493.809161

INFO:tensorflow:IInfo: 1493723768.880208 29.000000 0.987220 1800.764045

INFO:tensorflow:IInfo: 1493723901.869688 30.000000 0.993600 1044.114565

INFO:tensorflow:IInfo: 1493724034.810009 31.000000 0.993800 1033.137271

INFO:tensorflow:IInfo: 1493724167.813104 32.000000 0.991820 1248.942788

INFO:tensorflow:IInfo: 1493724300.855435 33.000000 0.993460 1017.742360

INFO:tensorflow:IInfo: 1493724433.933584 34.000000 0.994920 869.672462

INFO:tensorflow:IInfo: 1493724566.915384 35.000000 0.996280 705.471454

