INFO:tensorflow:IInfo: 1493541577.284816 0.000000 0.114280 119689.923828

INFO:tensorflow:IInfo: 1493541710.169447 1.000000 0.669840 45252.481445

INFO:tensorflow:IInfo: 1493541842.635476 2.000000 0.770680 32287.289215

INFO:tensorflow:IInfo: 1493541975.157976 3.000000 0.884960 17121.313919

INFO:tensorflow:IInfo: 1493542107.624445 4.000000 0.927160 11068.048256

INFO:tensorflow:IInfo: 1493542240.091592 5.000000 0.962240 6100.986462

INFO:tensorflow:IInfo: 1493542372.481326 6.000000 0.953680 6489.083206

INFO:tensorflow:IInfo: 1493542504.886703 7.000000 0.984480 2569.222359

INFO:tensorflow:IInfo: 1493542637.306213 8.000000 0.987200 2131.712786

INFO:tensorflow:IInfo: 1493542769.747149 9.000000 0.987860 1837.433302

INFO:tensorflow:IInfo: 1493542902.221140 10.000000 0.996000 832.085006

