INFO:tensorflow:IInfo: 1493536683.056973 0.000000 0.102980 121953.671143

INFO:tensorflow:IInfo: 1493536768.673553 1.003520 0.353660 85783.733521

INFO:tensorflow:IInfo: 1493536852.829058 2.007040 0.430580 77289.474365

INFO:tensorflow:IInfo: 1493536937.259818 3.010560 0.523680 65254.012695

INFO:tensorflow:IInfo: 1493537021.418374 4.014080 0.589740 56367.144531

INFO:tensorflow:IInfo: 1493537105.606887 5.017600 0.594920 55547.267090

INFO:tensorflow:IInfo: 1493537188.064459 6.000640 0.649000 48515.362793

INFO:tensorflow:IInfo: 1493537272.245960 7.004160 0.703760 42088.107422

INFO:tensorflow:IInfo: 1493537356.404151 8.007680 0.708580 40379.934082

INFO:tensorflow:IInfo: 1493537440.572724 9.011200 0.732800 38532.453674

INFO:tensorflow:IInfo: 1493537524.723186 10.014720 0.794160 29915.877411

INFO:tensorflow:IInfo: 1493537608.896492 11.018240 0.802420 28781.951630

INFO:tensorflow:IInfo: 1493537691.340035 12.001280 0.794880 29296.916870

INFO:tensorflow:IInfo: 1493537775.528602 13.004800 0.810340 27164.737427

INFO:tensorflow:IInfo: 1493537859.678484 14.008320 0.861860 20632.575806

INFO:tensorflow:IInfo: 1493537943.848859 15.011840 0.854440 21224.065765

INFO:tensorflow:IInfo: 1493538028.001634 16.015360 0.895840 16004.356995

INFO:tensorflow:IInfo: 1493538112.169104 17.018880 0.824020 25836.736420

INFO:tensorflow:IInfo: 1493538194.613796 18.001920 0.847720 21152.809937

INFO:tensorflow:IInfo: 1493538278.786897 19.005440 0.926040 12257.755783

INFO:tensorflow:IInfo: 1493538362.939602 20.008960 0.975680 5279.732109

INFO:tensorflow:IInfo: 1493538447.109639 21.012480 0.984180 3783.593456

INFO:tensorflow:IInfo: 1493538531.262830 22.016000 0.979660 4073.741123

INFO:tensorflow:IInfo: 1493538615.430182 23.019520 0.998040 1142.478840

