INFO:tensorflow:IInfo: 1493536695.156920 0.000000 0.100620 117073.152832

INFO:tensorflow:IInfo: 1493536784.511424 1.013760 0.343120 86891.584961

INFO:tensorflow:IInfo: 1493536871.731112 2.027520 0.448900 74148.423706

INFO:tensorflow:IInfo: 1493536956.323907 3.010560 0.478860 70717.940430

INFO:tensorflow:IInfo: 1493537043.795264 4.024320 0.542520 62734.450439

INFO:tensorflow:IInfo: 1493537128.342135 5.007360 0.582020 56242.114258

INFO:tensorflow:IInfo: 1493537215.516088 6.021120 0.610240 53676.097595

INFO:tensorflow:IInfo: 1493537300.066343 7.004160 0.693720 42732.537842

INFO:tensorflow:IInfo: 1493537387.324790 8.017920 0.695100 42304.204773

INFO:tensorflow:IInfo: 1493537471.845811 9.000960 0.751880 35518.429321

INFO:tensorflow:IInfo: 1493537559.068802 10.014720 0.738000 37251.826111

INFO:tensorflow:IInfo: 1493537646.216526 11.028480 0.903520 16246.441803

INFO:tensorflow:IInfo: 1493537730.710403 12.011520 0.872800 19537.971680

INFO:tensorflow:IInfo: 1493537817.982062 13.025280 0.989960 4121.660641

INFO:tensorflow:IInfo: 1493537902.559335 14.008320 0.998900 1113.980354

INFO:tensorflow:IInfo: 1493537989.682482 15.022080 1.000000 502.183578

