INFO:tensorflow:IInfo: 1493544700.323816 0.000000 0.114160 119304.112549

INFO:tensorflow:IInfo: 1493544788.530907 1.003520 0.513900 64670.505371

INFO:tensorflow:IInfo: 1493544875.183928 2.001920 0.696100 42147.180054

INFO:tensorflow:IInfo: 1493544961.830507 3.000320 0.749380 35276.050232

INFO:tensorflow:IInfo: 1493545048.853015 4.003840 0.875800 18801.152359

INFO:tensorflow:IInfo: 1493545135.461732 5.002240 0.917060 12533.516769

INFO:tensorflow:IInfo: 1493545222.002282 6.000640 0.954640 7257.146820

INFO:tensorflow:IInfo: 1493545309.013726 7.004160 0.981120 3259.065647

INFO:tensorflow:IInfo: 1493545395.618869 8.002560 0.964280 5198.934040

INFO:tensorflow:IInfo: 1493545482.201475 9.000960 0.996660 782.499043

INFO:tensorflow:IInfo: 1493545569.171259 10.004480 0.999980 75.301269

