INFO:tensorflow:IInfo: 1493591924.887677 0.000000 0.104740 117827.707275

INFO:tensorflow:IInfo: 1493592014.025660 1.013760 0.281960 92453.030762

INFO:tensorflow:IInfo: 1493592101.455982 2.027520 0.399720 79228.019165

INFO:tensorflow:IInfo: 1493592186.464562 3.010560 0.404060 78242.492798

INFO:tensorflow:IInfo: 1493592274.425730 4.024320 0.509700 66253.302979

INFO:tensorflow:IInfo: 1493592359.500774 5.007360 0.569620 58612.400024

INFO:tensorflow:IInfo: 1493592447.264301 6.021120 0.588060 54586.516602

INFO:tensorflow:IInfo: 1493592532.304236 7.004160 0.635340 50049.396484

INFO:tensorflow:IInfo: 1493592620.034643 8.017920 0.641340 49679.329346

INFO:tensorflow:IInfo: 1493592705.047134 9.000960 0.673100 44745.351013

INFO:tensorflow:IInfo: 1493592792.714669 10.014720 0.700180 41564.689331

INFO:tensorflow:IInfo: 1493592880.403766 11.028480 0.708680 40906.923767

INFO:tensorflow:IInfo: 1493592965.354587 12.011520 0.727580 37562.900818

INFO:tensorflow:IInfo: 1493593053.020400 13.025280 0.753080 34526.324646

INFO:tensorflow:IInfo: 1493593138.029768 14.008320 0.774480 32284.307312

INFO:tensorflow:IInfo: 1493593225.737232 15.022080 0.778240 31514.532166

INFO:tensorflow:IInfo: 1493593310.771627 16.005120 0.770340 32429.824829

INFO:tensorflow:IInfo: 1493593398.424869 17.018880 0.811120 27000.621582

INFO:tensorflow:IInfo: 1493593483.479481 18.001920 0.831740 24312.232697

INFO:tensorflow:IInfo: 1493593571.156206 19.015680 0.829700 24390.817505

INFO:tensorflow:IInfo: 1493593658.781537 20.029440 0.836880 23042.772339

INFO:tensorflow:IInfo: 1493593743.764686 21.012480 0.839520 22909.406342

INFO:tensorflow:IInfo: 1493593831.437194 22.026240 0.842680 22023.442017

INFO:tensorflow:IInfo: 1493593916.504521 23.009280 0.869240 18855.689850

INFO:tensorflow:IInfo: 1493594004.135549 24.023040 0.865360 19441.745056

INFO:tensorflow:IInfo: 1493594089.192384 25.006080 0.875700 17911.105591

INFO:tensorflow:IInfo: 1493594176.777224 26.019840 0.901360 14613.771286

INFO:tensorflow:IInfo: 1493594261.720039 27.002880 0.873880 17729.451111

INFO:tensorflow:IInfo: 1493594349.324385 28.016640 0.878900 17238.773529

INFO:tensorflow:IInfo: 1493594436.937780 29.030400 0.923780 11715.847549

INFO:tensorflow:IInfo: 1493594521.908545 30.013440 0.920120 11807.827606

INFO:tensorflow:IInfo: 1493594609.559272 31.027200 0.920200 11578.310547

INFO:tensorflow:IInfo: 1493594694.568097 32.010240 0.929080 10377.313416

INFO:tensorflow:IInfo: 1493594782.196219 33.024000 0.911360 12683.774918

INFO:tensorflow:IInfo: 1493594867.227848 34.007040 0.918560 11488.798691

INFO:tensorflow:IInfo: 1493594954.826421 35.020800 0.855640 20575.074554

INFO:tensorflow:IInfo: 1493595039.814959 36.003840 0.957040 6485.641655

INFO:tensorflow:IInfo: 1493595127.423235 37.017600 0.985180 3269.038219

INFO:tensorflow:IInfo: 1493595212.438596 38.000640 0.978340 3875.079823

INFO:tensorflow:IInfo: 1493595300.018944 39.014400 0.345060 89197.073853

INFO:tensorflow:IInfo: 1493595387.565300 40.028160 0.509460 66668.484863

INFO:tensorflow:IInfo: 1493595472.462947 41.011200 0.677540 45388.892822

INFO:tensorflow:IInfo: 1493595560.023687 42.024960 0.764760 33448.757202

INFO:tensorflow:IInfo: 1493595644.941211 43.008000 0.812220 27029.243835

INFO:tensorflow:IInfo: 1493595732.458135 44.021760 0.842220 22725.318329

INFO:tensorflow:IInfo: 1493595817.354474 45.004800 0.851500 21256.875519

INFO:tensorflow:IInfo: 1493595904.926558 46.018560 0.876720 18052.768677

INFO:tensorflow:IInfo: 1493595989.901250 47.001600 0.902760 14557.819077

INFO:tensorflow:IInfo: 1493596077.493507 48.015360 0.915560 12921.345703

INFO:tensorflow:IInfo: 1493596165.082024 49.029120 0.914440 12563.586288

INFO:tensorflow:IInfo: 1493596250.049250 50.012160 0.921040 11641.742233

INFO:tensorflow:IInfo: 1493596337.616529 51.025920 0.938640 9377.960121

INFO:tensorflow:IInfo: 1493596422.582663 52.008960 0.952840 7717.511604

INFO:tensorflow:IInfo: 1493596510.176660 53.022720 0.954360 7206.348457

INFO:tensorflow:IInfo: 1493596595.073831 54.005760 0.943580 8548.686310

INFO:tensorflow:IInfo: 1493596682.638304 55.019520 0.962000 6052.109482

INFO:tensorflow:IInfo: 1493596767.517570 56.002560 0.975580 4358.039349

INFO:tensorflow:IInfo: 1493596855.038172 57.016320 0.985120 3139.861641

INFO:tensorflow:IInfo: 1493596942.569371 58.030080 0.689260 59434.009888

INFO:tensorflow:IInfo: 1493597027.497553 59.013120 0.984280 3574.289165

INFO:tensorflow:IInfo: 1493597115.090943 60.026880 0.995760 1772.624941

