INFO:tensorflow:IInfo: 1493536683.665934 0.000000 0.099430 238338.822510

INFO:tensorflow:IInfo: 1493536772.117538 1.013760 0.328260 180668.310303

INFO:tensorflow:IInfo: 1493536858.765696 2.027520 0.401130 161104.425171

INFO:tensorflow:IInfo: 1493536942.904901 3.010560 0.491850 137644.463379

INFO:tensorflow:IInfo: 1493537029.846632 4.024320 0.495820 134577.568604

INFO:tensorflow:IInfo: 1493537114.031925 5.007360 0.583930 115419.853149

INFO:tensorflow:IInfo: 1493537200.730313 6.021120 0.598180 109806.258118

INFO:tensorflow:IInfo: 1493537284.871400 7.004160 0.630070 103189.023926

INFO:tensorflow:IInfo: 1493537371.592409 8.017920 0.643970 97748.886658

INFO:tensorflow:IInfo: 1493537455.734328 9.000960 0.666900 92866.116516

INFO:tensorflow:IInfo: 1493537542.479759 10.014720 0.697410 83057.318787

INFO:tensorflow:IInfo: 1493537629.209420 11.028480 0.705250 82991.630249

INFO:tensorflow:IInfo: 1493537713.330290 12.011520 0.741060 73416.709290

INFO:tensorflow:IInfo: 1493537800.084936 13.025280 0.743290 72095.517517

INFO:tensorflow:IInfo: 1493537884.228140 14.008320 0.755270 69174.248047

INFO:tensorflow:IInfo: 1493537970.990815 15.022080 0.788420 60332.455719

INFO:tensorflow:IInfo: 1493538055.107570 16.005120 0.793610 59792.584717

INFO:tensorflow:IInfo: 1493538141.884503 17.018880 0.768070 66201.023438

INFO:tensorflow:IInfo: 1493538226.022344 18.001920 0.807960 55245.712708

INFO:tensorflow:IInfo: 1493538312.788215 19.015680 0.809030 53659.162323

INFO:tensorflow:IInfo: 1493538399.528897 20.029440 0.827290 49344.674377

INFO:tensorflow:IInfo: 1493538483.698485 21.012480 0.848060 44432.671997

INFO:tensorflow:IInfo: 1493538570.407332 22.026240 0.822430 49827.909027

INFO:tensorflow:IInfo: 1493538654.554259 23.009280 0.859070 41022.103424

INFO:tensorflow:IInfo: 1493538741.273720 24.023040 0.871550 38082.449738

INFO:tensorflow:IInfo: 1493538825.449668 25.006080 0.859170 40615.762238

INFO:tensorflow:IInfo: 1493538912.130581 26.019840 0.888100 33051.270767

INFO:tensorflow:IInfo: 1493538996.217505 27.002880 0.884480 33889.269302

INFO:tensorflow:IInfo: 1493539082.948628 28.016640 0.881360 33952.427429

INFO:tensorflow:IInfo: 1493539169.676749 29.030400 0.888640 32288.354309

INFO:tensorflow:IInfo: 1493539253.832282 30.013440 0.864740 38350.172852

INFO:tensorflow:IInfo: 1493539340.602763 31.027200 0.913100 25313.836853

INFO:tensorflow:IInfo: 1493539424.723403 32.010240 0.915850 24764.173141

INFO:tensorflow:IInfo: 1493539511.424908 33.024000 0.926380 21774.982864

INFO:tensorflow:IInfo: 1493539595.547335 34.007040 0.906080 27074.241180

INFO:tensorflow:IInfo: 1493539682.253821 35.020800 0.951860 15604.287819

INFO:tensorflow:IInfo: 1493539766.338746 36.003840 0.945270 16482.538414

INFO:tensorflow:IInfo: 1493539853.070444 37.017600 0.861060 52893.944275

INFO:tensorflow:IInfo: 1493539937.148118 38.000640 0.715280 79487.506409

INFO:tensorflow:IInfo: 1493540023.860023 39.014400 0.841700 44936.325226

INFO:tensorflow:IInfo: 1493540110.527651 40.028160 0.879240 35169.745270

INFO:tensorflow:IInfo: 1493540194.630988 41.011200 0.905830 28015.890442

INFO:tensorflow:IInfo: 1493540281.319835 42.024960 0.922310 23321.832062

INFO:tensorflow:IInfo: 1493540365.436500 43.008000 0.947530 17218.251480

INFO:tensorflow:IInfo: 1493540452.082871 44.021760 0.951660 15165.613297

INFO:tensorflow:IInfo: 1493540536.222757 45.004800 0.944060 16926.882858

INFO:tensorflow:IInfo: 1493540622.883567 46.018560 0.975360 9190.294872

INFO:tensorflow:IInfo: 1493540706.977184 47.001600 0.927050 20883.695007

INFO:tensorflow:IInfo: 1493540793.684233 48.015360 0.977390 7960.535873

INFO:tensorflow:IInfo: 1493540880.419351 49.029120 0.992000 4229.210440

INFO:tensorflow:IInfo: 1493540964.527102 50.012160 0.995790 2790.467641

