INFO:tensorflow:IInfo: 1493552420.126617 0.000000 0.111340 118433.044678

INFO:tensorflow:IInfo: 1493552507.961756 1.003520 0.473780 71850.372925

INFO:tensorflow:IInfo: 1493552596.156326 2.007040 0.562220 60666.876709

INFO:tensorflow:IInfo: 1493552683.243333 3.000320 0.651880 48551.597473

INFO:tensorflow:IInfo: 1493552771.157798 4.003840 0.733700 36758.710571

INFO:tensorflow:IInfo: 1493552859.070726 5.007360 0.783040 29838.400879

INFO:tensorflow:IInfo: 1493552946.082473 6.000640 0.867080 19778.684113

INFO:tensorflow:IInfo: 1493553034.283813 7.004160 0.907220 13901.830490

INFO:tensorflow:IInfo: 1493553122.179623 8.007680 0.944160 8739.569977

INFO:tensorflow:IInfo: 1493553209.181212 9.000960 0.996620 1208.810792

