INFO:tensorflow:IInfo: 1493719953.122107 0.000000 0.119060 118239.510986

INFO:tensorflow:IInfo: 1493720041.346325 1.003520 0.445700 74062.009399

INFO:tensorflow:IInfo: 1493720129.656531 2.007040 0.539200 62437.694092

INFO:tensorflow:IInfo: 1493720217.055948 3.000320 0.590940 55950.999878

INFO:tensorflow:IInfo: 1493720305.410497 4.003840 0.641540 48597.119507

INFO:tensorflow:IInfo: 1493720393.734339 5.007360 0.744080 36376.126770

INFO:tensorflow:IInfo: 1493720481.165355 6.000640 0.770600 32575.251038

INFO:tensorflow:IInfo: 1493720569.567049 7.004160 0.792600 29362.963318

INFO:tensorflow:IInfo: 1493720657.911450 8.007680 0.808140 27482.684845

INFO:tensorflow:IInfo: 1493720745.370139 9.000960 0.840180 23084.424225

INFO:tensorflow:IInfo: 1493720833.702980 10.004480 0.848500 21722.427734

INFO:tensorflow:IInfo: 1493720922.073898 11.008000 0.847240 21703.758209

INFO:tensorflow:IInfo: 1493721009.511656 12.001280 0.884960 17039.413300

INFO:tensorflow:IInfo: 1493721097.835313 13.004800 0.899480 14753.990540

INFO:tensorflow:IInfo: 1493721186.154165 14.008320 0.911360 12920.378357

INFO:tensorflow:IInfo: 1493721273.558534 15.001600 0.910440 13289.513626

INFO:tensorflow:IInfo: 1493721361.821265 16.005120 0.926060 11050.803116

INFO:tensorflow:IInfo: 1493721450.118287 17.008640 0.917080 11876.756042

INFO:tensorflow:IInfo: 1493721537.519979 18.001920 0.938560 9098.418587

INFO:tensorflow:IInfo: 1493721625.801946 19.005440 0.945980 8153.018463

INFO:tensorflow:IInfo: 1493721714.107628 20.008960 0.952380 6918.473003

INFO:tensorflow:IInfo: 1493721801.519892 21.002240 0.934920 9141.492027

INFO:tensorflow:IInfo: 1493721889.807082 22.005760 0.957920 6099.992241

INFO:tensorflow:IInfo: 1493721978.089175 23.009280 0.953860 6588.898052

INFO:tensorflow:IInfo: 1493722065.482993 24.002560 0.967540 4716.358398

INFO:tensorflow:IInfo: 1493722153.750395 25.006080 0.965560 4926.709969

INFO:tensorflow:IInfo: 1493722242.006172 26.009600 0.975640 3566.700619

INFO:tensorflow:IInfo: 1493722329.382146 27.002880 0.969920 4284.367119

INFO:tensorflow:IInfo: 1493722417.635022 28.006400 0.982560 2774.228134

INFO:tensorflow:IInfo: 1493722505.923706 29.009920 0.990180 1679.774405

INFO:tensorflow:IInfo: 1493722593.315557 30.003200 0.998840 423.350031

