INFO:tensorflow:IInfo: 1493545318.782677 0.000000 0.099820 120136.241455

INFO:tensorflow:IInfo: 1493545407.207444 1.003520 0.568000 58001.477051

INFO:tensorflow:IInfo: 1493545495.500158 2.001920 0.724780 38926.842346

INFO:tensorflow:IInfo: 1493545584.234028 3.000320 0.909660 14683.438019

INFO:tensorflow:IInfo: 1493545673.431485 4.003840 0.987780 2880.120670

INFO:tensorflow:IInfo: 1493545762.209351 5.002240 1.000000 112.468170

INFO:tensorflow:IInfo: 1493545850.935122 6.000640 1.000000 43.209813

INFO:tensorflow:IInfo: 1493545940.202820 7.004160 1.000000 29.033480

