INFO:tensorflow:IInfo: 1493560775.584385 0.000000 0.111040 117152.738770

INFO:tensorflow:IInfo: 1493560870.695556 1.000960 0.648520 48493.223877

INFO:tensorflow:IInfo: 1493560965.280298 2.000640 0.883300 17165.258377

INFO:tensorflow:IInfo: 1493561059.875568 3.000320 0.965800 5387.420982

INFO:tensorflow:IInfo: 1493561154.463696 4.000000 0.982760 2818.100042

INFO:tensorflow:IInfo: 1493561249.177496 5.000960 0.988420 1755.623104

INFO:tensorflow:IInfo: 1493561343.812631 6.000640 0.989540 1586.354802

INFO:tensorflow:IInfo: 1493561438.409952 7.000320 1.000000 18.614317

INFO:tensorflow:IInfo: 1493561533.027939 8.000000 1.000000 5.421883

