INFO:tensorflow:IInfo: 1493719916.902701 0.000000 0.082660 117703.684570

INFO:tensorflow:IInfo: 1493720024.531925 1.000320 0.646640 48936.392761

INFO:tensorflow:IInfo: 1493720131.645462 2.000000 0.739740 37182.984558

INFO:tensorflow:IInfo: 1493720238.784348 3.000320 0.797520 29299.951752

INFO:tensorflow:IInfo: 1493720345.880985 4.000000 0.838640 23617.642822

INFO:tensorflow:IInfo: 1493720452.967125 5.000320 0.853560 21187.601807

INFO:tensorflow:IInfo: 1493720560.019055 6.000000 0.870360 18983.269913

INFO:tensorflow:IInfo: 1493720667.205538 7.000320 0.886800 16262.396439

INFO:tensorflow:IInfo: 1493720774.234479 8.000000 0.906400 13844.643852

INFO:tensorflow:IInfo: 1493720881.427252 9.000320 0.909320 13341.623695

INFO:tensorflow:IInfo: 1493720988.501187 10.000000 0.913500 12405.615082

INFO:tensorflow:IInfo: 1493721095.682574 11.000320 0.923100 11243.536812

INFO:tensorflow:IInfo: 1493721202.813841 12.000000 0.938420 8951.584679

INFO:tensorflow:IInfo: 1493721309.998752 13.000320 0.947980 7812.073235

INFO:tensorflow:IInfo: 1493721417.115757 14.000000 0.945720 7823.862045

INFO:tensorflow:IInfo: 1493721524.225474 15.000320 0.950440 7111.774204

INFO:tensorflow:IInfo: 1493721631.314193 16.000000 0.960260 5842.660202

INFO:tensorflow:IInfo: 1493721738.438801 17.000320 0.952980 6551.928749

INFO:tensorflow:IInfo: 1493721845.524066 18.000000 0.971480 4314.999317

INFO:tensorflow:IInfo: 1493721952.701530 19.000320 0.975640 3730.079082

INFO:tensorflow:IInfo: 1493722059.832012 20.000000 0.976500 3543.548107

INFO:tensorflow:IInfo: 1493722166.969587 21.000320 0.979340 3172.213308

INFO:tensorflow:IInfo: 1493722274.025099 22.000000 0.980600 2898.819559

INFO:tensorflow:IInfo: 1493722381.126041 23.000320 0.981340 2719.395180

INFO:tensorflow:IInfo: 1493722488.194543 24.000000 0.984560 2438.756845

INFO:tensorflow:IInfo: 1493722595.340267 25.000320 0.984060 2420.165998

INFO:tensorflow:IInfo: 1493722702.360570 26.000000 0.983680 2408.868530

INFO:tensorflow:IInfo: 1493722809.515138 27.000320 0.980060 2781.711877

INFO:tensorflow:IInfo: 1493722916.577371 28.000000 0.992060 1331.894726

INFO:tensorflow:IInfo: 1493723023.703054 29.000320 0.988380 1738.786922

INFO:tensorflow:IInfo: 1493723130.806165 30.000000 0.990000 1525.625854

INFO:tensorflow:IInfo: 1493723237.927989 31.000320 0.990100 1552.709061

INFO:tensorflow:IInfo: 1493723345.021535 32.000000 0.992020 1261.631566

INFO:tensorflow:IInfo: 1493723452.156342 33.000320 0.995020 839.338073

