INFO:tensorflow:IInfo: 1493543495.499901 0.000000 0.104770 237181.726074

INFO:tensorflow:IInfo: 1493543585.048090 1.003520 0.558430 122861.118774

INFO:tensorflow:IInfo: 1493543674.273328 2.001920 0.666500 92569.059387

INFO:tensorflow:IInfo: 1493543762.937510 3.000320 0.708780 80956.236755

INFO:tensorflow:IInfo: 1493543852.222259 4.003840 0.760410 68355.782349

INFO:tensorflow:IInfo: 1493543940.591562 5.002240 0.795320 59063.390076

INFO:tensorflow:IInfo: 1493544029.097828 6.000640 0.806190 55608.745514

INFO:tensorflow:IInfo: 1493544117.503278 7.004160 0.838570 46907.018280

INFO:tensorflow:IInfo: 1493544205.237145 8.002560 0.866350 39380.295090

INFO:tensorflow:IInfo: 1493544292.645076 9.000960 0.865700 38325.465378

INFO:tensorflow:IInfo: 1493544381.305873 10.004480 0.882700 33629.088501

INFO:tensorflow:IInfo: 1493544468.322350 11.002880 0.903600 28090.369751

INFO:tensorflow:IInfo: 1493544555.327491 12.001280 0.912830 25214.761070

INFO:tensorflow:IInfo: 1493544643.579159 13.004800 0.921910 22905.773880

INFO:tensorflow:IInfo: 1493544730.930989 14.003200 0.912320 25018.893921

INFO:tensorflow:IInfo: 1493544818.037184 15.001600 0.931060 19669.988152

INFO:tensorflow:IInfo: 1493544905.036218 16.000000 0.933120 19420.472733

INFO:tensorflow:IInfo: 1493544993.166919 17.003520 0.946250 15229.224159

INFO:tensorflow:IInfo: 1493545080.133220 18.001920 0.951170 14074.834999

INFO:tensorflow:IInfo: 1493545166.467250 19.000320 0.968460 9754.151602

INFO:tensorflow:IInfo: 1493545253.543967 20.003840 0.961780 11159.068806

INFO:tensorflow:IInfo: 1493545339.861242 21.002240 0.965410 10036.159691

INFO:tensorflow:IInfo: 1493545426.787525 22.000640 0.964700 9898.371687

INFO:tensorflow:IInfo: 1493545514.113271 23.004160 0.968990 9059.933325

INFO:tensorflow:IInfo: 1493545600.900884 24.002560 0.977000 6888.373139

INFO:tensorflow:IInfo: 1493545687.828276 25.000960 0.973240 7678.739183

INFO:tensorflow:IInfo: 1493545776.125025 26.004480 0.988020 3860.126940

INFO:tensorflow:IInfo: 1493545863.463360 27.002880 0.984240 4643.666788

INFO:tensorflow:IInfo: 1493545950.123142 28.001280 0.990610 3044.438933

INFO:tensorflow:IInfo: 1493546037.696591 29.004800 0.982470 5113.647108

INFO:tensorflow:IInfo: 1493546124.848971 30.003200 0.992550 2534.507311

INFO:tensorflow:IInfo: 1493546212.918874 31.001600 0.990590 2911.675583

INFO:tensorflow:IInfo: 1493546300.790900 32.000000 0.983990 4593.601309

INFO:tensorflow:IInfo: 1493546388.228323 33.003520 0.992080 2483.357488

INFO:tensorflow:IInfo: 1493546475.488167 34.001920 0.994060 1917.806951

INFO:tensorflow:IInfo: 1493546562.584859 35.000320 0.991920 2391.697694

INFO:tensorflow:IInfo: 1493546650.833604 36.003840 0.990510 2989.706395

INFO:tensorflow:IInfo: 1493546738.136124 37.002240 0.992240 2383.528256

INFO:tensorflow:IInfo: 1493546825.174080 38.000640 0.989500 3104.859648

INFO:tensorflow:IInfo: 1493546912.608082 39.004160 0.987250 3574.258938

INFO:tensorflow:IInfo: 1493546999.929028 40.002560 0.994020 1938.923241

INFO:tensorflow:IInfo: 1493547087.380979 41.000960 0.996960 1062.925477

