INFO:tensorflow:IInfo: 1493539744.799762 0.000000 0.092660 120662.210205

INFO:tensorflow:IInfo: 1493539878.456892 1.000000 0.641760 49686.652710

INFO:tensorflow:IInfo: 1493540011.468061 2.000000 0.757100 33761.172516

INFO:tensorflow:IInfo: 1493540144.556083 3.000000 0.829740 25125.321411

INFO:tensorflow:IInfo: 1493540277.609120 4.000000 0.862340 20089.898438

INFO:tensorflow:IInfo: 1493540410.628199 5.000000 0.898800 14815.024170

INFO:tensorflow:IInfo: 1493540543.631319 6.000000 0.924960 11283.795540

INFO:tensorflow:IInfo: 1493540676.528443 7.000000 0.949540 8058.581474

INFO:tensorflow:IInfo: 1493540809.774526 8.000000 0.957820 6503.449120

INFO:tensorflow:IInfo: 1493540942.746069 9.000000 0.972420 4598.331678

INFO:tensorflow:IInfo: 1493541075.687578 10.000000 0.963120 5351.687378

INFO:tensorflow:IInfo: 1493541208.674784 11.000000 0.972200 4126.186287

INFO:tensorflow:IInfo: 1493541341.710666 12.000000 0.979260 3282.054394

INFO:tensorflow:IInfo: 1493541474.734975 13.000000 0.983380 2489.335838

INFO:tensorflow:IInfo: 1493541607.703678 14.000000 0.988320 1921.579568

INFO:tensorflow:IInfo: 1493541740.688688 15.000000 0.987440 2003.860291

INFO:tensorflow:IInfo: 1493541873.679013 16.000000 0.990800 1386.852004

INFO:tensorflow:IInfo: 1493542006.625580 17.000000 0.993280 1087.251188

INFO:tensorflow:IInfo: 1493542139.524636 18.000000 0.992340 1264.389712

INFO:tensorflow:IInfo: 1493542272.531485 19.000000 0.996020 709.275212

INFO:tensorflow:IInfo: 1493542405.454592 20.000000 0.993740 1040.774257

