INFO:tensorflow:IInfo: 1493543133.814232 0.000000 0.084320 118147.559570

INFO:tensorflow:IInfo: 1493543267.534242 1.000000 0.690960 44371.340942

INFO:tensorflow:IInfo: 1493543400.818822 2.000000 0.855360 21351.445770

INFO:tensorflow:IInfo: 1493543534.116258 3.000000 0.950900 7560.176704

INFO:tensorflow:IInfo: 1493543667.422303 4.000000 0.985260 2467.721790

INFO:tensorflow:IInfo: 1493543800.702535 5.000000 0.984580 2249.254305

INFO:tensorflow:IInfo: 1493543933.881296 6.000000 0.995380 805.279210

INFO:tensorflow:IInfo: 1493544067.257899 7.000000 0.999260 225.192143

