INFO:tensorflow:IInfo: 1493591899.941104 0.000000 0.114840 119000.626953

INFO:tensorflow:IInfo: 1493591992.070159 1.000960 0.512280 63809.534546

INFO:tensorflow:IInfo: 1493592086.415576 2.001920 0.712800 40190.049133

INFO:tensorflow:IInfo: 1493592181.849395 3.000320 0.752220 34463.207703

INFO:tensorflow:IInfo: 1493592275.664848 4.001280 0.843420 22775.373108

INFO:tensorflow:IInfo: 1493592369.911056 5.002240 0.894840 15930.732620

INFO:tensorflow:IInfo: 1493592463.477922 6.000640 0.896960 15217.128006

INFO:tensorflow:IInfo: 1493592555.336028 7.001600 0.936420 9706.676361

INFO:tensorflow:IInfo: 1493592647.187903 8.000000 0.936940 9458.467773

INFO:tensorflow:IInfo: 1493592739.793397 9.000960 0.943440 8282.621853

INFO:tensorflow:IInfo: 1493592833.661778 10.001920 0.967520 5088.444210

INFO:tensorflow:IInfo: 1493592926.667807 11.000320 0.963000 5374.938774

INFO:tensorflow:IInfo: 1493593019.051624 12.001280 0.974140 3773.107246

INFO:tensorflow:IInfo: 1493593110.750698 13.002240 0.979920 3118.777908

INFO:tensorflow:IInfo: 1493593202.577320 14.000640 0.981600 2757.785528

INFO:tensorflow:IInfo: 1493593293.736625 15.001600 0.985120 2256.875105

INFO:tensorflow:IInfo: 1493593384.509326 16.000000 0.986720 2026.683415

INFO:tensorflow:IInfo: 1493593475.549493 17.000960 0.978640 3209.010363

INFO:tensorflow:IInfo: 1493593566.890365 18.001920 0.990760 1413.981792

INFO:tensorflow:IInfo: 1493593657.788512 19.000320 0.995460 794.778724

INFO:tensorflow:IInfo: 1493593750.744571 20.001280 0.997720 406.960245

