INFO:tensorflow:IInfo: 1493719884.159368 0.000000 0.108460 120313.573730

INFO:tensorflow:IInfo: 1493719970.825683 1.003520 0.519540 65661.414429

INFO:tensorflow:IInfo: 1493720056.424184 2.001920 0.680240 45058.573120

INFO:tensorflow:IInfo: 1493720142.132676 3.000320 0.736680 36912.664612

INFO:tensorflow:IInfo: 1493720228.332692 4.003840 0.775160 31689.059357

INFO:tensorflow:IInfo: 1493720314.056769 5.002240 0.817260 26414.770386

INFO:tensorflow:IInfo: 1493720399.788739 6.000640 0.822860 25319.040894

INFO:tensorflow:IInfo: 1493720485.954312 7.004160 0.856400 20735.450607

INFO:tensorflow:IInfo: 1493720571.688808 8.002560 0.868500 19023.218994

INFO:tensorflow:IInfo: 1493720657.398924 9.000960 0.883620 16714.949326

INFO:tensorflow:IInfo: 1493720743.557649 10.004480 0.892940 15078.019501

INFO:tensorflow:IInfo: 1493720829.269109 11.002880 0.909920 13077.418732

INFO:tensorflow:IInfo: 1493720914.979026 12.001280 0.917260 12082.217789

INFO:tensorflow:IInfo: 1493721001.107929 13.004800 0.927320 10366.961136

INFO:tensorflow:IInfo: 1493721086.824904 14.003200 0.933740 9438.902817

INFO:tensorflow:IInfo: 1493721172.514879 15.001600 0.947560 7532.954475

INFO:tensorflow:IInfo: 1493721258.195687 16.000000 0.950260 7267.666740

INFO:tensorflow:IInfo: 1493721344.330381 17.003520 0.946140 7618.307064

INFO:tensorflow:IInfo: 1493721430.025144 18.001920 0.944700 7716.360760

INFO:tensorflow:IInfo: 1493721515.704306 19.000320 0.964460 5008.838860

INFO:tensorflow:IInfo: 1493721601.840969 20.003840 0.972860 4108.543581

INFO:tensorflow:IInfo: 1493721687.507848 21.002240 0.967840 4540.793879

INFO:tensorflow:IInfo: 1493721773.189051 22.000640 0.964700 4837.472015

INFO:tensorflow:IInfo: 1493721859.295101 23.004160 0.979200 3084.327875

INFO:tensorflow:IInfo: 1493721944.971458 24.002560 0.974600 3583.449352

INFO:tensorflow:IInfo: 1493722030.629965 25.000960 0.963280 5002.196556

INFO:tensorflow:IInfo: 1493722116.748758 26.004480 0.981620 2812.317036

INFO:tensorflow:IInfo: 1493722202.424801 27.002880 0.988520 1810.967863

INFO:tensorflow:IInfo: 1493722288.102500 28.001280 0.984680 2195.000338

INFO:tensorflow:IInfo: 1493722374.209302 29.004800 0.991280 1427.564709

INFO:tensorflow:IInfo: 1493722459.899745 30.003200 0.988820 1699.135451

INFO:tensorflow:IInfo: 1493722545.553074 31.001600 0.990840 1464.897278

INFO:tensorflow:IInfo: 1493722631.229084 32.000000 0.985020 2164.064447

INFO:tensorflow:IInfo: 1493722717.316388 33.003520 0.976580 3472.098324

INFO:tensorflow:IInfo: 1493722802.982176 34.001920 0.995680 798.627449

