INFO:tensorflow:IInfo: 1493547822.866589 0.000000 0.102920 117389.491211

INFO:tensorflow:IInfo: 1493547930.989445 1.000320 0.628740 50966.129028

INFO:tensorflow:IInfo: 1493548038.838992 2.000000 0.759880 34436.223999

INFO:tensorflow:IInfo: 1493548146.689445 3.000320 0.813540 26911.364594

INFO:tensorflow:IInfo: 1493548254.488140 4.000000 0.845380 22322.800201

INFO:tensorflow:IInfo: 1493548362.352426 5.000320 0.887200 16427.667709

INFO:tensorflow:IInfo: 1493548470.138180 6.000000 0.922500 11805.696312

INFO:tensorflow:IInfo: 1493548578.000231 7.000320 0.942000 9005.551834

INFO:tensorflow:IInfo: 1493548685.798667 8.000000 0.957660 6677.342052

INFO:tensorflow:IInfo: 1493548793.702016 9.000320 0.953820 6914.324009

INFO:tensorflow:IInfo: 1493548901.475889 10.000000 0.974520 4196.334469

INFO:tensorflow:IInfo: 1493549009.319498 11.000320 0.981300 3014.399104

INFO:tensorflow:IInfo: 1493549117.106928 12.000000 0.978240 3342.217422

INFO:tensorflow:IInfo: 1493549224.944650 13.000320 0.983080 2541.390673

INFO:tensorflow:IInfo: 1493549332.731429 14.000000 0.983560 2451.611533

INFO:tensorflow:IInfo: 1493549440.595690 15.000320 0.987580 1970.297763

INFO:tensorflow:IInfo: 1493549548.446526 16.000000 0.988780 1764.003810

INFO:tensorflow:IInfo: 1493549656.292634 17.000320 0.992780 1185.470464

INFO:tensorflow:IInfo: 1493549764.060677 18.000000 0.994120 967.592047

INFO:tensorflow:IInfo: 1493549871.913480 19.000320 0.993300 1027.839082

INFO:tensorflow:IInfo: 1493549979.685788 20.000000 0.995740 733.568151

INFO:tensorflow:IInfo: 1493550087.553962 21.000320 0.994000 916.296343

