INFO:tensorflow:IInfo: 1493682934.565951 0.000000 0.140060 117458.889404

INFO:tensorflow:IInfo: 1493683023.221955 1.003520 0.452520 73588.710205

INFO:tensorflow:IInfo: 1493683112.415423 2.007040 0.553580 60388.481689

INFO:tensorflow:IInfo: 1493683200.785037 3.000320 0.647080 49071.216187

INFO:tensorflow:IInfo: 1493683289.970770 4.003840 0.702100 41270.007629

INFO:tensorflow:IInfo: 1493683378.978993 5.007360 0.754820 34749.858948

INFO:tensorflow:IInfo: 1493683467.111167 6.000640 0.762780 33525.939636

INFO:tensorflow:IInfo: 1493683556.114998 7.004160 0.816080 26525.652405

INFO:tensorflow:IInfo: 1493683645.127922 8.007680 0.801920 28753.150177

INFO:tensorflow:IInfo: 1493683733.202707 9.000960 0.901640 15357.070435

INFO:tensorflow:IInfo: 1493683822.229229 10.004480 0.887520 16428.901443

INFO:tensorflow:IInfo: 1493683911.233989 11.008000 0.928240 10888.803253

INFO:tensorflow:IInfo: 1493683999.299541 12.001280 0.955000 7300.811859

INFO:tensorflow:IInfo: 1493684088.310285 13.004800 0.956600 6890.049995

INFO:tensorflow:IInfo: 1493684177.328712 14.008320 0.967920 5328.797836

INFO:tensorflow:IInfo: 1493684265.394109 15.001600 0.979360 3654.086056

INFO:tensorflow:IInfo: 1493684354.426489 16.005120 0.991580 1857.543627

INFO:tensorflow:IInfo: 1493684443.386743 17.008640 0.997780 762.168036

INFO:tensorflow:IInfo: 1493684531.579329 18.001920 0.999900 174.183687

