INFO:tensorflow:IInfo: 1493583468.983693 0.000000 0.104460 121716.525146

INFO:tensorflow:IInfo: 1493583558.554927 1.000960 0.617260 53342.251282

INFO:tensorflow:IInfo: 1493583648.194964 2.001920 0.732200 37017.826721

INFO:tensorflow:IInfo: 1493583737.762554 3.000320 0.837460 23070.727417

INFO:tensorflow:IInfo: 1493583827.562779 4.001280 0.896600 14603.365036

INFO:tensorflow:IInfo: 1493583917.380813 5.002240 0.918400 11622.593124

INFO:tensorflow:IInfo: 1493584006.969623 6.000640 0.975260 4148.500517

INFO:tensorflow:IInfo: 1493584096.811805 7.001600 0.984240 2612.083385

INFO:tensorflow:IInfo: 1493584186.417099 8.000000 0.984480 2536.156147

INFO:tensorflow:IInfo: 1493584276.263635 9.000960 0.984140 2339.104322

INFO:tensorflow:IInfo: 1493584366.079327 10.001920 0.997400 554.818334

