INFO:tensorflow:IInfo: 1493586498.176286 0.000000 0.102660 117035.672119

INFO:tensorflow:IInfo: 1493586586.082709 1.003520 0.405440 81631.517944

INFO:tensorflow:IInfo: 1493586672.876203 2.007040 0.464460 71617.715332

INFO:tensorflow:IInfo: 1493586759.825374 3.010560 0.573600 59058.797119

INFO:tensorflow:IInfo: 1493586846.508030 4.014080 0.605120 54516.233154

INFO:tensorflow:IInfo: 1493586933.217218 5.017600 0.669460 46144.342712

INFO:tensorflow:IInfo: 1493587018.182133 6.000640 0.690980 43421.931030

INFO:tensorflow:IInfo: 1493587104.885835 7.004160 0.829000 26396.544952

INFO:tensorflow:IInfo: 1493587191.582119 8.007680 0.717420 40460.507751

INFO:tensorflow:IInfo: 1493587278.301590 9.011200 0.922580 12256.246368

INFO:tensorflow:IInfo: 1493587364.967377 10.014720 0.999640 925.498766

INFO:tensorflow:IInfo: 1493587451.698048 11.018240 1.000000 421.259618

INFO:tensorflow:IInfo: 1493587536.631809 12.001280 1.000000 265.648046

