INFO:tensorflow:IInfo: 1493592070.662412 0.000000 0.087100 117801.240479

INFO:tensorflow:IInfo: 1493592159.236995 1.013760 0.354060 86442.301025

INFO:tensorflow:IInfo: 1493592245.758977 2.027520 0.420860 76568.166870

INFO:tensorflow:IInfo: 1493592329.727390 3.010560 0.472640 69824.694336

INFO:tensorflow:IInfo: 1493592416.487300 4.024320 0.487460 71010.477905

INFO:tensorflow:IInfo: 1493592500.351350 5.007360 0.528280 64360.688599

INFO:tensorflow:IInfo: 1493592586.897678 6.021120 0.618620 53327.422119

INFO:tensorflow:IInfo: 1493592670.743916 7.004160 0.611320 53922.537415

INFO:tensorflow:IInfo: 1493592757.266824 8.017920 0.648440 48620.407654

INFO:tensorflow:IInfo: 1493592841.116620 9.000960 0.687000 43812.718933

INFO:tensorflow:IInfo: 1493592927.670339 10.014720 0.696540 42238.525391

INFO:tensorflow:IInfo: 1493593014.196858 11.028480 0.738200 36853.391296

INFO:tensorflow:IInfo: 1493593098.108892 12.011520 0.757240 34080.184021

INFO:tensorflow:IInfo: 1493593184.570795 13.025280 0.783420 30902.501038

INFO:tensorflow:IInfo: 1493593268.516154 14.008320 0.791240 29355.198730

INFO:tensorflow:IInfo: 1493593355.060013 15.022080 0.802780 28615.609467

INFO:tensorflow:IInfo: 1493593438.989898 16.005120 0.846700 22817.570984

INFO:tensorflow:IInfo: 1493593525.516229 17.018880 0.860560 20736.198975

INFO:tensorflow:IInfo: 1493593609.447305 18.001920 0.861240 20557.231384

INFO:tensorflow:IInfo: 1493593695.902470 19.015680 0.897160 15885.348557

INFO:tensorflow:IInfo: 1493593782.443141 20.029440 0.923660 12421.989349

INFO:tensorflow:IInfo: 1493593866.381839 21.012480 0.901900 14455.435959

INFO:tensorflow:IInfo: 1493593952.909055 22.026240 0.840260 22016.587921

INFO:tensorflow:IInfo: 1493594036.841439 23.009280 0.964120 6582.699738

INFO:tensorflow:IInfo: 1493594123.384620 24.023040 0.970260 5276.839645

INFO:tensorflow:IInfo: 1493594207.301529 25.006080 0.992200 2288.532768

INFO:tensorflow:IInfo: 1493594293.843760 26.019840 0.997720 1262.649728

INFO:tensorflow:IInfo: 1493594377.764050 27.002880 0.999580 634.575614

INFO:tensorflow:IInfo: 1493594464.313993 28.016640 0.999880 376.678384

