INFO:tensorflow:IInfo: 1493719916.806134 0.000000 0.104020 117045.132812

INFO:tensorflow:IInfo: 1493720005.667300 1.000960 0.533300 62160.129028

INFO:tensorflow:IInfo: 1493720093.981548 2.001920 0.688800 43397.994263

INFO:tensorflow:IInfo: 1493720182.067715 3.000320 0.769900 32736.100586

INFO:tensorflow:IInfo: 1493720270.388195 4.001280 0.787360 30203.012054

INFO:tensorflow:IInfo: 1493720358.702593 5.002240 0.844180 22755.484467

INFO:tensorflow:IInfo: 1493720446.803819 6.000640 0.859140 20351.209991

INFO:tensorflow:IInfo: 1493720535.081352 7.001600 0.878100 17728.513840

INFO:tensorflow:IInfo: 1493720623.179322 8.000000 0.888860 16054.824265

INFO:tensorflow:IInfo: 1493720711.488415 9.000960 0.892360 15390.240677

INFO:tensorflow:IInfo: 1493720799.803777 10.001920 0.916000 12476.690048

INFO:tensorflow:IInfo: 1493720887.878146 11.000320 0.920600 11500.297592

INFO:tensorflow:IInfo: 1493720976.204828 12.001280 0.922280 11062.192566

INFO:tensorflow:IInfo: 1493721064.507995 13.002240 0.931760 9731.489326

INFO:tensorflow:IInfo: 1493721152.586146 14.000640 0.950520 7324.487354

INFO:tensorflow:IInfo: 1493721240.896828 15.001600 0.948540 7355.669811

INFO:tensorflow:IInfo: 1493721328.985682 16.000000 0.957060 6328.551735

INFO:tensorflow:IInfo: 1493721417.296267 17.000960 0.953180 6757.271328

INFO:tensorflow:IInfo: 1493721505.628789 18.001920 0.966880 4753.320503

INFO:tensorflow:IInfo: 1493721593.715528 19.000320 0.970640 4153.985020

INFO:tensorflow:IInfo: 1493721682.033133 20.001280 0.970140 4322.244432

INFO:tensorflow:IInfo: 1493721770.325938 21.002240 0.976720 3491.777884

INFO:tensorflow:IInfo: 1493721858.416647 22.000640 0.963080 5037.521137

INFO:tensorflow:IInfo: 1493721946.703991 23.001600 0.976340 3329.783295

INFO:tensorflow:IInfo: 1493722034.786473 24.000000 0.976620 3302.178051

INFO:tensorflow:IInfo: 1493722123.087237 25.000960 0.976520 3303.635889

INFO:tensorflow:IInfo: 1493722211.406626 26.001920 0.984220 2215.150444

INFO:tensorflow:IInfo: 1493722299.476511 27.000320 0.985480 2127.469913

INFO:tensorflow:IInfo: 1493722387.805390 28.001280 0.984580 2278.411811

INFO:tensorflow:IInfo: 1493722476.106977 29.002240 0.984320 2291.202619

INFO:tensorflow:IInfo: 1493722564.192371 30.000640 0.991200 1389.373930

INFO:tensorflow:IInfo: 1493722652.508303 31.001600 0.980260 2785.006744

INFO:tensorflow:IInfo: 1493722740.600214 32.000000 0.990240 1492.417359

INFO:tensorflow:IInfo: 1493722828.903642 33.000960 0.991260 1313.043782

INFO:tensorflow:IInfo: 1493722917.208328 34.001920 0.995480 729.479931

INFO:tensorflow:IInfo: 1493723005.270455 35.000320 0.995660 712.642797

