INFO:tensorflow:IInfo: 1493761859.688596 0.000000 0.108440 116729.273193

INFO:tensorflow:IInfo: 1493761948.628618 1.013760 0.349060 87001.712280

INFO:tensorflow:IInfo: 1493762035.637639 2.027520 0.320320 88132.560425

INFO:tensorflow:IInfo: 1493762120.021972 3.010560 0.437220 74455.780151

INFO:tensorflow:IInfo: 1493762207.320134 4.024320 0.482040 69830.595459

INFO:tensorflow:IInfo: 1493762291.718718 5.007360 0.555540 60016.583374

INFO:tensorflow:IInfo: 1493762378.747122 6.021120 0.539120 61406.265015

INFO:tensorflow:IInfo: 1493762463.152137 7.004160 0.574740 58316.337280

INFO:tensorflow:IInfo: 1493762550.157480 8.017920 0.636480 50257.103516

INFO:tensorflow:IInfo: 1493762634.514569 9.000960 0.652080 48167.275513

INFO:tensorflow:IInfo: 1493762721.528293 10.014720 0.725820 38423.439575

INFO:tensorflow:IInfo: 1493762808.524561 11.028480 0.730720 37737.589600

INFO:tensorflow:IInfo: 1493762892.897999 12.011520 0.722020 39676.357544

INFO:tensorflow:IInfo: 1493762979.860125 13.025280 0.729980 37616.209167

INFO:tensorflow:IInfo: 1493763064.226728 14.008320 0.771160 32174.583679

INFO:tensorflow:IInfo: 1493763151.217890 15.022080 0.803300 28375.917969

INFO:tensorflow:IInfo: 1493763235.602276 16.005120 0.816280 26207.608887

INFO:tensorflow:IInfo: 1493763322.612599 17.018880 0.824920 25069.043549

INFO:tensorflow:IInfo: 1493763406.971608 18.001920 0.838300 23310.779144

INFO:tensorflow:IInfo: 1493763493.950404 19.015680 0.864300 20198.776093

INFO:tensorflow:IInfo: 1493763580.918585 20.029440 0.836380 23068.974884

INFO:tensorflow:IInfo: 1493763665.289641 21.012480 0.876820 18070.606689

INFO:tensorflow:IInfo: 1493763752.268294 22.026240 0.878420 17762.997314

INFO:tensorflow:IInfo: 1493763836.620639 23.009280 0.894400 15657.603271

INFO:tensorflow:IInfo: 1493763923.610898 24.023040 0.907820 14118.955368

INFO:tensorflow:IInfo: 1493764007.948441 25.006080 0.887380 16272.994141

INFO:tensorflow:IInfo: 1493764094.960527 26.019840 0.905540 13737.069382

INFO:tensorflow:IInfo: 1493764179.286853 27.002880 0.906760 13529.369156

INFO:tensorflow:IInfo: 1493764266.259610 28.016640 0.925700 10935.487350

INFO:tensorflow:IInfo: 1493764353.267570 29.030400 0.914600 12159.517548

INFO:tensorflow:IInfo: 1493764437.619566 30.013440 0.940060 8945.683067

INFO:tensorflow:IInfo: 1493764524.585662 31.027200 0.959300 6554.749992

INFO:tensorflow:IInfo: 1493764608.981754 32.010240 0.916080 11860.843369

INFO:tensorflow:IInfo: 1493764695.980048 33.024000 0.971660 4937.246639

INFO:tensorflow:IInfo: 1493764780.366526 34.007040 0.956720 6478.664795

INFO:tensorflow:IInfo: 1493764867.385187 35.020800 0.970400 4905.650776

INFO:tensorflow:IInfo: 1493764951.755471 36.003840 0.992200 2102.618288

INFO:tensorflow:IInfo: 1493765038.725314 37.017600 0.995700 1280.854159

