INFO:tensorflow:IInfo: 1493591929.062804 0.000000 0.079680 232470.059082

INFO:tensorflow:IInfo: 1493592017.398817 1.003520 0.405120 163708.126099

INFO:tensorflow:IInfo: 1493592104.149016 2.007040 0.463000 143965.134888

INFO:tensorflow:IInfo: 1493592191.143467 3.010560 0.502830 134154.961182

INFO:tensorflow:IInfo: 1493592277.872560 4.014080 0.607230 110649.187256

INFO:tensorflow:IInfo: 1493592364.611269 5.017600 0.639230 101466.959351

INFO:tensorflow:IInfo: 1493592449.592143 6.000640 0.662040 94082.820679

INFO:tensorflow:IInfo: 1493592536.333606 7.004160 0.679300 88892.483765

INFO:tensorflow:IInfo: 1493592623.044396 8.007680 0.710750 81306.992737

INFO:tensorflow:IInfo: 1493592709.789555 9.011200 0.735680 74538.129517

INFO:tensorflow:IInfo: 1493592796.504640 10.014720 0.723840 77598.596863

INFO:tensorflow:IInfo: 1493592883.248571 11.018240 0.761880 66668.224609

INFO:tensorflow:IInfo: 1493592968.224082 12.001280 0.787470 60549.467651

INFO:tensorflow:IInfo: 1493593054.942120 13.004800 0.794790 58848.969269

INFO:tensorflow:IInfo: 1493593141.748801 14.008320 0.792470 60051.677246

INFO:tensorflow:IInfo: 1493593228.540579 15.011840 0.815550 52495.634857

INFO:tensorflow:IInfo: 1493593315.273122 16.015360 0.825220 50111.780426

INFO:tensorflow:IInfo: 1493593402.077787 17.018880 0.848730 43729.520966

INFO:tensorflow:IInfo: 1493593487.122795 18.001920 0.847660 44037.002380

INFO:tensorflow:IInfo: 1493593573.859064 19.005440 0.861900 40346.417725

INFO:tensorflow:IInfo: 1493593660.549704 20.008960 0.867390 38968.925995

INFO:tensorflow:IInfo: 1493593747.297207 21.012480 0.872260 36675.830124

INFO:tensorflow:IInfo: 1493593834.050100 22.016000 0.887490 32928.398148

INFO:tensorflow:IInfo: 1493593920.883751 23.019520 0.904080 28652.573441

INFO:tensorflow:IInfo: 1493594005.857131 24.002560 0.903290 28356.255325

INFO:tensorflow:IInfo: 1493594092.593864 25.006080 0.924190 23243.732834

INFO:tensorflow:IInfo: 1493594179.309631 26.009600 0.934730 20208.072891

INFO:tensorflow:IInfo: 1493594266.028477 27.013120 0.922440 22821.970673

INFO:tensorflow:IInfo: 1493594352.723824 28.016640 0.934690 19222.303612

INFO:tensorflow:IInfo: 1493594439.457809 29.020160 0.903020 27457.462769

INFO:tensorflow:IInfo: 1493594524.431674 30.003200 0.945200 16768.321800

INFO:tensorflow:IInfo: 1493594611.178357 31.006720 0.940990 17373.093773

INFO:tensorflow:IInfo: 1493594697.916688 32.010240 0.937000 18324.571823

INFO:tensorflow:IInfo: 1493594784.670744 33.013760 0.968520 10534.660221

INFO:tensorflow:IInfo: 1493594871.386952 34.017280 0.973560 8921.419941

INFO:tensorflow:IInfo: 1493594956.388764 35.000320 0.987380 5167.544310

INFO:tensorflow:IInfo: 1493595043.148795 36.003840 0.994370 3120.689295

INFO:tensorflow:IInfo: 1493595129.888722 37.007360 0.997880 1938.529277

INFO:tensorflow:IInfo: 1493595216.589916 38.010880 0.998860 1341.825224

