INFO:tensorflow:IInfo: 1493591905.432254 0.000000 0.098420 119201.293701

INFO:tensorflow:IInfo: 1493591993.360040 1.003520 0.385000 82062.848999

INFO:tensorflow:IInfo: 1493592080.108419 2.007040 0.449260 73829.916138

INFO:tensorflow:IInfo: 1493592167.008645 3.010560 0.516880 65344.185791

INFO:tensorflow:IInfo: 1493592253.652341 4.014080 0.583920 57034.645142

INFO:tensorflow:IInfo: 1493592340.286572 5.017600 0.595860 54768.638306

INFO:tensorflow:IInfo: 1493592425.214325 6.000640 0.669220 45365.694824

INFO:tensorflow:IInfo: 1493592511.908089 7.004160 0.666740 44842.069153

INFO:tensorflow:IInfo: 1493592598.555792 8.007680 0.759960 33585.160522

INFO:tensorflow:IInfo: 1493592685.222523 9.011200 0.768260 31766.359863

INFO:tensorflow:IInfo: 1493592771.881371 10.014720 0.823100 25305.615662

INFO:tensorflow:IInfo: 1493592858.502951 11.018240 0.698520 41860.866638

INFO:tensorflow:IInfo: 1493592943.387259 12.001280 0.842480 23136.887360

INFO:tensorflow:IInfo: 1493593030.050442 13.004800 0.888380 16949.610779

INFO:tensorflow:IInfo: 1493593116.668378 14.008320 0.945320 9363.198189

INFO:tensorflow:IInfo: 1493593203.322145 15.011840 0.955840 7510.822929

INFO:tensorflow:IInfo: 1493593289.937469 16.015360 0.998740 1102.827485

INFO:tensorflow:IInfo: 1493593376.589246 17.018880 0.999840 532.254410

INFO:tensorflow:IInfo: 1493593461.458373 18.001920 1.000000 335.975804

