INFO:tensorflow:IInfo: 1493591830.218337 0.000000 0.070020 239037.321045

INFO:tensorflow:IInfo: 1493591919.581389 1.000960 0.574560 115161.922729

INFO:tensorflow:IInfo: 1493592008.343774 2.001920 0.692970 86208.616638

INFO:tensorflow:IInfo: 1493592096.920895 3.000320 0.760030 67704.793457

INFO:tensorflow:IInfo: 1493592185.691709 4.001280 0.805180 55830.932953

INFO:tensorflow:IInfo: 1493592274.486859 5.002240 0.844960 45293.979889

INFO:tensorflow:IInfo: 1493592363.050018 6.000640 0.851690 42903.847473

INFO:tensorflow:IInfo: 1493592451.839581 7.001600 0.875720 36552.513611

INFO:tensorflow:IInfo: 1493592540.380425 8.000000 0.884290 33513.211624

INFO:tensorflow:IInfo: 1493592629.186678 9.000960 0.883720 33070.420471

INFO:tensorflow:IInfo: 1493592717.955601 10.001920 0.913870 25319.934929

INFO:tensorflow:IInfo: 1493592806.511195 11.000320 0.916240 23817.399178

INFO:tensorflow:IInfo: 1493592895.258706 12.001280 0.917430 23510.609016

INFO:tensorflow:IInfo: 1493592984.049282 13.002240 0.935980 18224.540173

INFO:tensorflow:IInfo: 1493593072.589465 14.000640 0.922420 21808.722900

INFO:tensorflow:IInfo: 1493593161.393827 15.001600 0.951000 14231.966164

INFO:tensorflow:IInfo: 1493593249.922691 16.000000 0.950820 14046.654854

INFO:tensorflow:IInfo: 1493593338.713931 17.000960 0.965830 10282.756596

INFO:tensorflow:IInfo: 1493593427.460396 18.001920 0.963070 10788.231520

INFO:tensorflow:IInfo: 1493593516.012495 19.000320 0.968190 9223.228832

INFO:tensorflow:IInfo: 1493593604.745991 20.001280 0.965440 9576.675575

INFO:tensorflow:IInfo: 1493593693.520412 21.002240 0.971760 7915.324224

INFO:tensorflow:IInfo: 1493593782.045927 22.000640 0.978870 6353.917167

INFO:tensorflow:IInfo: 1493593870.807296 23.001600 0.974340 7398.635935

INFO:tensorflow:IInfo: 1493593959.334199 24.000000 0.978880 6174.225554

INFO:tensorflow:IInfo: 1493594048.110096 25.000960 0.980930 5502.034355

INFO:tensorflow:IInfo: 1493594136.875094 26.001920 0.980810 5368.995024

INFO:tensorflow:IInfo: 1493594225.426910 27.000320 0.985930 4205.266341

INFO:tensorflow:IInfo: 1493594314.189065 28.001280 0.981880 5061.763807

INFO:tensorflow:IInfo: 1493594402.964705 29.002240 0.986960 3902.796087

INFO:tensorflow:IInfo: 1493594491.503053 30.000640 0.987340 3761.002240

INFO:tensorflow:IInfo: 1493594580.286726 31.001600 0.986900 3710.068849

INFO:tensorflow:IInfo: 1493594668.810928 32.000000 0.992550 2221.595442

INFO:tensorflow:IInfo: 1493594757.584190 33.000960 0.993100 2145.509562

INFO:tensorflow:IInfo: 1493594846.335850 34.001920 0.992640 2192.740917

INFO:tensorflow:IInfo: 1493594934.894248 35.000320 0.994930 1575.406537

INFO:tensorflow:IInfo: 1493595023.634320 36.001280 0.992160 2366.909228

INFO:tensorflow:IInfo: 1493595112.409981 37.002240 0.990570 2703.628190

INFO:tensorflow:IInfo: 1493595200.940449 38.000640 0.993230 2032.553057

INFO:tensorflow:IInfo: 1493595289.708101 39.001600 0.996480 1110.130137

INFO:tensorflow:IInfo: 1493595378.243351 40.000000 0.993050 2101.166068

