INFO:tensorflow:IInfo: 1493586556.235089 0.000000 0.092820 122505.719482

INFO:tensorflow:IInfo: 1493586645.303749 1.013760 0.217060 105326.876465

INFO:tensorflow:IInfo: 1493586732.665223 2.027520 0.428060 77173.647949

INFO:tensorflow:IInfo: 1493586817.627826 3.010560 0.463260 71595.696533

INFO:tensorflow:IInfo: 1493586905.538741 4.024320 0.534200 64028.005249

INFO:tensorflow:IInfo: 1493586990.610595 5.007360 0.595680 55203.375000

INFO:tensorflow:IInfo: 1493587078.306106 6.021120 0.598920 54564.729492

INFO:tensorflow:IInfo: 1493587163.347832 7.004160 0.659600 46275.744934

INFO:tensorflow:IInfo: 1493587251.036174 8.017920 0.657940 46339.539368

INFO:tensorflow:IInfo: 1493587336.167584 9.000960 0.696320 41193.202087

INFO:tensorflow:IInfo: 1493587423.901105 10.014720 0.773180 31672.366638

INFO:tensorflow:IInfo: 1493587511.591377 11.028480 0.781780 30222.817169

INFO:tensorflow:IInfo: 1493587596.618818 12.011520 0.793320 28043.512085

INFO:tensorflow:IInfo: 1493587684.417747 13.025280 0.716800 39829.344666

INFO:tensorflow:IInfo: 1493587769.500399 14.008320 0.849500 20770.240326

INFO:tensorflow:IInfo: 1493587857.203720 15.022080 0.413960 101838.214844

INFO:tensorflow:IInfo: 1493587942.213462 16.005120 0.873900 19136.234802

INFO:tensorflow:IInfo: 1493588029.893615 17.018880 0.936600 10636.038940

INFO:tensorflow:IInfo: 1493588114.991324 18.001920 0.992580 2834.757145

INFO:tensorflow:IInfo: 1493588202.734546 19.015680 0.999280 1073.831617

INFO:tensorflow:IInfo: 1493588290.424756 20.029440 0.999820 551.329681

