INFO:tensorflow:IInfo: 1493551457.904160 0.000000 0.110140 120084.267578

INFO:tensorflow:IInfo: 1493551545.371280 1.003520 0.447400 75004.877319

INFO:tensorflow:IInfo: 1493551632.324716 2.007040 0.550100 60874.647583

INFO:tensorflow:IInfo: 1493551718.073644 3.000320 0.616760 52798.001709

INFO:tensorflow:IInfo: 1493551804.727124 4.003840 0.661560 46112.682251

INFO:tensorflow:IInfo: 1493551891.374428 5.007360 0.713660 40032.579834

INFO:tensorflow:IInfo: 1493551977.180045 6.000640 0.737040 36764.365356

INFO:tensorflow:IInfo: 1493552063.793883 7.004160 0.764640 33073.466064

INFO:tensorflow:IInfo: 1493552150.445096 8.007680 0.789380 29782.990479

INFO:tensorflow:IInfo: 1493552236.197288 9.000960 0.797280 28646.405243

INFO:tensorflow:IInfo: 1493552322.837242 10.004480 0.820120 25688.626343

INFO:tensorflow:IInfo: 1493552409.397318 11.008000 0.838580 23058.609802

INFO:tensorflow:IInfo: 1493552495.107746 12.001280 0.860040 20129.490753

INFO:tensorflow:IInfo: 1493552581.665127 13.004800 0.867460 18867.426086

INFO:tensorflow:IInfo: 1493552668.205218 14.008320 0.894780 15626.936157

INFO:tensorflow:IInfo: 1493552753.891795 15.001600 0.893620 15620.937286

INFO:tensorflow:IInfo: 1493552840.464086 16.005120 0.908360 13579.447632

INFO:tensorflow:IInfo: 1493552926.995326 17.008640 0.911200 12717.332962

INFO:tensorflow:IInfo: 1493553012.675920 18.001920 0.931580 10197.210251

INFO:tensorflow:IInfo: 1493553099.240258 19.005440 0.933620 9796.474098

INFO:tensorflow:IInfo: 1493553185.821799 20.008960 0.942160 8666.798744

INFO:tensorflow:IInfo: 1493553271.489338 21.002240 0.948720 7753.525085

INFO:tensorflow:IInfo: 1493553358.011507 22.005760 0.952620 7162.726711

INFO:tensorflow:IInfo: 1493553444.551590 23.009280 0.956920 6496.771774

INFO:tensorflow:IInfo: 1493553530.221757 24.002560 0.947580 7441.620949

INFO:tensorflow:IInfo: 1493553616.761158 25.006080 0.963240 5566.121330

INFO:tensorflow:IInfo: 1493553703.340456 26.009600 0.962600 5487.780994

INFO:tensorflow:IInfo: 1493553789.034750 27.002880 0.976120 3717.521046

INFO:tensorflow:IInfo: 1493553875.630990 28.006400 0.963780 5109.550568

INFO:tensorflow:IInfo: 1493553962.163989 29.009920 0.927140 10181.181702

INFO:tensorflow:IInfo: 1493554047.825006 30.003200 0.981960 2911.639942

INFO:tensorflow:IInfo: 1493554134.360458 31.006720 0.993080 1455.620731

INFO:tensorflow:IInfo: 1493554220.060819 32.000000 0.998960 494.067875

