INFO:tensorflow:IInfo: 1493559804.018986 0.000000 0.101540 117599.260742

INFO:tensorflow:IInfo: 1493559898.460833 1.000960 0.646240 48589.959778

INFO:tensorflow:IInfo: 1493559992.313618 2.000640 0.781100 30976.726044

INFO:tensorflow:IInfo: 1493560086.212942 3.000320 0.873800 18189.483292

INFO:tensorflow:IInfo: 1493560180.089929 4.000000 0.937800 9540.132164

INFO:tensorflow:IInfo: 1493560274.094246 5.000960 0.967980 5511.231850

INFO:tensorflow:IInfo: 1493560368.318803 6.000640 0.972020 4511.480881

INFO:tensorflow:IInfo: 1493560462.185923 7.000320 0.981300 3003.389429

INFO:tensorflow:IInfo: 1493560556.042688 8.000000 0.987320 1969.011344

INFO:tensorflow:IInfo: 1493560650.000720 9.000960 0.992420 1251.391870

INFO:tensorflow:IInfo: 1493560743.866562 10.000640 0.994800 884.036407

INFO:tensorflow:IInfo: 1493560837.722348 11.000320 0.997400 526.575932

INFO:tensorflow:IInfo: 1493560931.682222 12.000000 0.994640 880.226395

