INFO:tensorflow:IInfo: 1493546234.812298 0.000000 0.102660 117117.081055

INFO:tensorflow:IInfo: 1493546342.417843 1.000320 0.640120 49964.104187

INFO:tensorflow:IInfo: 1493546449.391679 2.000000 0.746000 36476.278259

INFO:tensorflow:IInfo: 1493546556.463214 3.000320 0.804480 28255.769989

INFO:tensorflow:IInfo: 1493546663.422289 4.000000 0.823100 25574.257843

INFO:tensorflow:IInfo: 1493546770.786480 5.000320 0.857180 21079.096222

INFO:tensorflow:IInfo: 1493546877.773297 6.000000 0.874940 18551.460693

INFO:tensorflow:IInfo: 1493546984.779298 7.000320 0.881740 17096.023560

INFO:tensorflow:IInfo: 1493547091.690600 8.000000 0.906540 13856.354752

INFO:tensorflow:IInfo: 1493547198.706193 9.000320 0.896540 14679.014526

INFO:tensorflow:IInfo: 1493547305.696246 10.000000 0.912200 12462.313354

INFO:tensorflow:IInfo: 1493547412.723625 11.000320 0.937300 9438.554443

INFO:tensorflow:IInfo: 1493547519.676172 12.000000 0.936340 9320.145508

INFO:tensorflow:IInfo: 1493547626.705871 13.000320 0.947460 7859.950294

INFO:tensorflow:IInfo: 1493547733.701663 14.000000 0.949960 7369.889572

INFO:tensorflow:IInfo: 1493547840.745812 15.000320 0.964380 5505.239090

INFO:tensorflow:IInfo: 1493547947.763730 16.000000 0.961560 5626.245270

INFO:tensorflow:IInfo: 1493548054.769196 17.000320 0.971800 4455.300734

INFO:tensorflow:IInfo: 1493548161.711516 18.000000 0.967300 4836.377678

INFO:tensorflow:IInfo: 1493548268.726107 19.000320 0.971940 4075.987213

INFO:tensorflow:IInfo: 1493548375.635829 20.000000 0.977980 3331.982378

INFO:tensorflow:IInfo: 1493548482.741753 21.000320 0.976860 3488.619625

INFO:tensorflow:IInfo: 1493548589.794181 22.000000 0.979520 3000.557526

INFO:tensorflow:IInfo: 1493548696.937358 23.000320 0.981160 2725.786098

INFO:tensorflow:IInfo: 1493548804.016377 24.000000 0.984160 2352.822412

INFO:tensorflow:IInfo: 1493548911.108507 25.000320 0.988460 1817.609140

INFO:tensorflow:IInfo: 1493549018.069696 26.000000 0.988940 1738.866398

INFO:tensorflow:IInfo: 1493549125.103804 27.000320 0.987460 1889.571855

INFO:tensorflow:IInfo: 1493549232.124810 28.000000 0.987000 1992.065309

INFO:tensorflow:IInfo: 1493549339.155655 29.000320 0.991220 1431.645267

INFO:tensorflow:IInfo: 1493549446.111339 30.000000 0.993960 1043.091424

INFO:tensorflow:IInfo: 1493549553.278513 31.000320 0.992800 1220.804040

INFO:tensorflow:IInfo: 1493549660.257663 32.000000 0.990480 1330.556435

INFO:tensorflow:IInfo: 1493549767.313601 33.000320 0.994980 919.456802

INFO:tensorflow:IInfo: 1493549874.241472 34.000000 0.994180 924.919532

INFO:tensorflow:IInfo: 1493549981.250673 35.000320 0.994600 862.227478

INFO:tensorflow:IInfo: 1493550088.204602 36.000000 0.993360 1041.256294

INFO:tensorflow:IInfo: 1493550195.188506 37.000320 0.992820 1100.998899

INFO:tensorflow:IInfo: 1493550302.121367 38.000000 0.996020 692.477506

INFO:tensorflow:IInfo: 1493550409.496147 39.000320 0.995480 733.423937

INFO:tensorflow:IInfo: 1493550516.420006 40.000000 0.995960 699.314910

