INFO:tensorflow:IInfo: 1493546802.346537 0.000000 0.099790 237187.244629

INFO:tensorflow:IInfo: 1493546910.579366 1.000320 0.655710 94527.428101

INFO:tensorflow:IInfo: 1493547018.181960 2.000000 0.708800 82224.952087

INFO:tensorflow:IInfo: 1493547125.869489 3.000320 0.784880 62008.580994

INFO:tensorflow:IInfo: 1493547233.294602 4.000000 0.816840 52988.965515

INFO:tensorflow:IInfo: 1493547340.430854 5.000320 0.850550 43523.894043

INFO:tensorflow:IInfo: 1493547447.415054 6.000000 0.865310 38905.684311

INFO:tensorflow:IInfo: 1493547554.527943 7.000320 0.879180 35429.136856

INFO:tensorflow:IInfo: 1493547661.575462 8.000000 0.893890 30904.564804

INFO:tensorflow:IInfo: 1493547768.713547 9.000320 0.906360 27316.381752

INFO:tensorflow:IInfo: 1493547875.768456 10.000000 0.909990 26543.265518

INFO:tensorflow:IInfo: 1493547982.986286 11.000320 0.924870 22122.071198

INFO:tensorflow:IInfo: 1493548089.997257 12.000000 0.932920 19763.607895

INFO:tensorflow:IInfo: 1493548197.119863 13.000320 0.942760 17011.892586

INFO:tensorflow:IInfo: 1493548304.138454 14.000000 0.946560 15513.259750

INFO:tensorflow:IInfo: 1493548411.272325 15.000320 0.952710 13734.777229

INFO:tensorflow:IInfo: 1493548518.267395 16.000000 0.960220 11822.593805

INFO:tensorflow:IInfo: 1493548625.392991 17.000320 0.958070 12045.222618

INFO:tensorflow:IInfo: 1493548732.415374 18.000000 0.965410 10077.296156

INFO:tensorflow:IInfo: 1493548839.527755 19.000320 0.972610 8177.673409

INFO:tensorflow:IInfo: 1493548946.550419 20.000000 0.973640 7934.924507

INFO:tensorflow:IInfo: 1493549053.665856 21.000320 0.963970 10236.375538

INFO:tensorflow:IInfo: 1493549160.745540 22.000000 0.977550 6700.279701

INFO:tensorflow:IInfo: 1493549267.862145 23.000320 0.980970 5872.366152

INFO:tensorflow:IInfo: 1493549374.885475 24.000000 0.985290 4573.684925

INFO:tensorflow:IInfo: 1493549481.979109 25.000320 0.981320 5613.879625

INFO:tensorflow:IInfo: 1493549589.038815 26.000000 0.985500 4599.339494

INFO:tensorflow:IInfo: 1493549696.138521 27.000320 0.989350 3400.286130

INFO:tensorflow:IInfo: 1493549803.170167 28.000000 0.987570 3847.852185

INFO:tensorflow:IInfo: 1493549910.268274 29.000320 0.985440 4390.259853

INFO:tensorflow:IInfo: 1493550017.293433 30.000000 0.991400 2797.936029

INFO:tensorflow:IInfo: 1493550124.397614 31.000320 0.988210 3534.458425

INFO:tensorflow:IInfo: 1493550231.425959 32.000000 0.992520 2394.205827

INFO:tensorflow:IInfo: 1493550338.627541 33.000320 0.991500 2684.769270

INFO:tensorflow:IInfo: 1493550445.677152 34.000000 0.989420 3128.397563

INFO:tensorflow:IInfo: 1493550552.780099 35.000320 0.990600 2902.814761

INFO:tensorflow:IInfo: 1493550659.797406 36.000000 0.993260 2069.842697

INFO:tensorflow:IInfo: 1493550766.905844 37.000320 0.993900 1937.009982

INFO:tensorflow:IInfo: 1493550873.921524 38.000000 0.994900 1671.075588

INFO:tensorflow:IInfo: 1493550981.087550 39.000320 0.994910 1580.978578

INFO:tensorflow:IInfo: 1493551088.085519 40.000000 0.995730 1352.184060

