INFO:tensorflow:IInfo: 1493536687.683703 0.000000 0.116800 116122.459717

INFO:tensorflow:IInfo: 1493536777.217415 1.000960 0.599860 54225.380127

INFO:tensorflow:IInfo: 1493536867.126879 2.001920 0.757520 33872.516602

INFO:tensorflow:IInfo: 1493536957.434880 3.000320 0.924560 11018.557289

INFO:tensorflow:IInfo: 1493537047.534923 4.001280 0.924540 10911.360695

INFO:tensorflow:IInfo: 1493537137.745835 5.002240 1.000000 63.125119

INFO:tensorflow:IInfo: 1493537226.907593 6.000640 1.000000 15.215407

