INFO:tensorflow:IInfo: 1493552102.797589 0.000000 0.110660 236994.314453

INFO:tensorflow:IInfo: 1493552190.798670 1.003520 0.490350 142300.912476

INFO:tensorflow:IInfo: 1493552278.385065 2.007040 0.562080 119387.693604

INFO:tensorflow:IInfo: 1493552365.020248 3.000320 0.634010 101764.037903

INFO:tensorflow:IInfo: 1493552452.477638 4.003840 0.680460 89571.639587

INFO:tensorflow:IInfo: 1493552539.961666 5.007360 0.700450 82528.275757

INFO:tensorflow:IInfo: 1493552626.557776 6.000640 0.748210 70847.366638

INFO:tensorflow:IInfo: 1493552714.039942 7.004160 0.771140 65402.461487

INFO:tensorflow:IInfo: 1493552801.501071 8.007680 0.781460 61160.066284

INFO:tensorflow:IInfo: 1493552888.093169 9.000960 0.811080 54259.396179

INFO:tensorflow:IInfo: 1493552975.572037 10.004480 0.832330 47923.523254

INFO:tensorflow:IInfo: 1493553063.097345 11.008000 0.824020 49364.037537

INFO:tensorflow:IInfo: 1493553149.664853 12.001280 0.845960 44021.803833

INFO:tensorflow:IInfo: 1493553237.132167 13.004800 0.877290 35813.727707

INFO:tensorflow:IInfo: 1493553324.591043 14.008320 0.873910 35885.655441

INFO:tensorflow:IInfo: 1493553411.242016 15.001600 0.876520 35619.986710

INFO:tensorflow:IInfo: 1493553498.677914 16.005120 0.898250 29494.687866

INFO:tensorflow:IInfo: 1493553586.185935 17.008640 0.891320 30177.610535

INFO:tensorflow:IInfo: 1493553672.751948 18.001920 0.925890 21750.701363

INFO:tensorflow:IInfo: 1493553760.236771 19.005440 0.928320 20871.864342

INFO:tensorflow:IInfo: 1493553847.628781 20.008960 0.936430 18546.187828

INFO:tensorflow:IInfo: 1493553934.218368 21.002240 0.937030 18650.152233

INFO:tensorflow:IInfo: 1493554021.662361 22.005760 0.948180 15302.617481

INFO:tensorflow:IInfo: 1493554109.110789 23.009280 0.946010 15813.953861

INFO:tensorflow:IInfo: 1493554195.640586 24.002560 0.962380 11343.095924

INFO:tensorflow:IInfo: 1493554283.113585 25.006080 0.960150 11471.707687

INFO:tensorflow:IInfo: 1493554370.569089 26.009600 0.963380 10597.114311

INFO:tensorflow:IInfo: 1493554457.176520 27.002880 0.977680 7019.494612

INFO:tensorflow:IInfo: 1493554544.631454 28.006400 0.966090 9778.323837

INFO:tensorflow:IInfo: 1493554632.065329 29.009920 0.980830 6203.820934

INFO:tensorflow:IInfo: 1493554718.636686 30.003200 0.980570 6073.965236

INFO:tensorflow:IInfo: 1493554806.064540 31.006720 0.987340 4271.411640

INFO:tensorflow:IInfo: 1493554892.572255 32.000000 0.990380 3418.781787

INFO:tensorflow:IInfo: 1493554980.018735 33.003520 0.995890 1926.185627

INFO:tensorflow:IInfo: 1493555067.442631 34.007040 0.998870 886.980098

INFO:tensorflow:IInfo: 1493555153.965001 35.000320 0.999730 382.462026

