INFO:tensorflow:IInfo: 1493549957.487214 0.000000 0.101480 118617.900635

INFO:tensorflow:IInfo: 1493550066.434702 1.000320 0.666640 45546.570435

INFO:tensorflow:IInfo: 1493550174.841182 2.000000 0.783260 29903.624542

INFO:tensorflow:IInfo: 1493550283.323148 3.000320 0.871740 18303.979904

INFO:tensorflow:IInfo: 1493550391.690913 4.000000 0.933960 10192.648972

INFO:tensorflow:IInfo: 1493550500.118372 5.000320 0.951320 7281.367477

INFO:tensorflow:IInfo: 1493550608.426960 6.000000 0.968580 4890.325802

INFO:tensorflow:IInfo: 1493550716.885716 7.000320 0.984200 2679.056833

INFO:tensorflow:IInfo: 1493550825.257696 8.000000 0.988420 1910.277382

INFO:tensorflow:IInfo: 1493550933.701944 9.000320 0.997580 579.512987

INFO:tensorflow:IInfo: 1493551042.065914 10.000000 0.993740 1083.412538

