INFO:tensorflow:IInfo: 1493536681.405845 0.000000 0.101680 118077.252441

INFO:tensorflow:IInfo: 1493536772.950220 1.000960 0.531960 64108.497070

INFO:tensorflow:IInfo: 1493536864.898993 2.001920 0.714360 40375.355164

INFO:tensorflow:IInfo: 1493536956.712827 3.000320 0.766040 33285.299500

INFO:tensorflow:IInfo: 1493537048.541686 4.001280 0.815860 27087.826965

INFO:tensorflow:IInfo: 1493537140.560965 5.002240 0.850760 21881.773834

INFO:tensorflow:IInfo: 1493537232.040738 6.000640 0.857580 20334.812759

INFO:tensorflow:IInfo: 1493537323.730419 7.001600 0.877660 17636.193909

INFO:tensorflow:IInfo: 1493537415.236155 8.000000 0.875080 17980.138901

INFO:tensorflow:IInfo: 1493537506.957033 9.000960 0.900160 14437.914566

INFO:tensorflow:IInfo: 1493537598.708272 10.001920 0.915860 12373.856506

INFO:tensorflow:IInfo: 1493537690.153421 11.000320 0.920180 11417.001694

INFO:tensorflow:IInfo: 1493537781.850167 12.001280 0.940160 8912.170525

INFO:tensorflow:IInfo: 1493537873.518290 13.002240 0.942760 8441.747341

INFO:tensorflow:IInfo: 1493537964.992840 14.000640 0.953640 6803.900391

INFO:tensorflow:IInfo: 1493538056.739961 15.001600 0.959120 6167.816425

INFO:tensorflow:IInfo: 1493538148.193827 16.000000 0.943020 7747.957062

INFO:tensorflow:IInfo: 1493538239.870178 17.000960 0.961800 5532.787373

INFO:tensorflow:IInfo: 1493538331.579428 18.001920 0.958080 5997.808933

INFO:tensorflow:IInfo: 1493538422.994083 19.000320 0.966320 4841.684101

INFO:tensorflow:IInfo: 1493538514.612753 20.001280 0.973840 3934.475105

INFO:tensorflow:IInfo: 1493538606.250548 21.002240 0.968760 4512.170155

INFO:tensorflow:IInfo: 1493538697.755250 22.000640 0.972920 3812.369087

INFO:tensorflow:IInfo: 1493538789.448264 23.001600 0.981060 2799.403048

INFO:tensorflow:IInfo: 1493538880.847174 24.000000 0.982100 2601.817909

INFO:tensorflow:IInfo: 1493538972.725853 25.000960 0.985700 2239.290155

INFO:tensorflow:IInfo: 1493539064.513928 26.001920 0.980740 2744.744213

INFO:tensorflow:IInfo: 1493539156.026723 27.000320 0.978000 3096.041525

INFO:tensorflow:IInfo: 1493539247.807391 28.001280 0.986180 1948.004839

INFO:tensorflow:IInfo: 1493539339.690018 29.002240 0.988280 1665.115289

INFO:tensorflow:IInfo: 1493539431.295119 30.000640 0.988520 1612.778317

INFO:tensorflow:IInfo: 1493539523.077167 31.001600 0.988660 1690.542489

INFO:tensorflow:IInfo: 1493539614.419268 32.000000 0.993460 1062.221568

INFO:tensorflow:IInfo: 1493539705.983079 33.000960 0.991280 1301.258193

INFO:tensorflow:IInfo: 1493539797.555977 34.001920 0.990600 1391.551761

INFO:tensorflow:IInfo: 1493539888.917851 35.000320 0.993480 988.699078

INFO:tensorflow:IInfo: 1493539980.515599 36.001280 0.997540 482.931262

INFO:tensorflow:IInfo: 1493540072.078113 37.002240 0.990840 1349.195252

