INFO:tensorflow:IInfo: 1493557660.726809 0.000000 0.111320 119618.855957

INFO:tensorflow:IInfo: 1493557756.118916 1.000960 0.615680 53015.276184

INFO:tensorflow:IInfo: 1493557850.923881 2.000640 0.755260 34557.740356

INFO:tensorflow:IInfo: 1493557945.730213 3.000320 0.822100 25508.353760

INFO:tensorflow:IInfo: 1493558040.532987 4.000000 0.851700 21363.477158

INFO:tensorflow:IInfo: 1493558135.455680 5.000960 0.886920 16525.175034

INFO:tensorflow:IInfo: 1493558230.236107 6.000640 0.905260 13613.639755

INFO:tensorflow:IInfo: 1493558325.035429 7.000320 0.945740 8542.258911

INFO:tensorflow:IInfo: 1493558419.827467 8.000000 0.946720 7906.584969

INFO:tensorflow:IInfo: 1493558514.717229 9.000960 0.959340 6166.729881

INFO:tensorflow:IInfo: 1493558609.515093 10.000640 0.958380 6008.518879

INFO:tensorflow:IInfo: 1493558704.289469 11.000320 0.977780 3488.283777

INFO:tensorflow:IInfo: 1493558799.054933 12.000000 0.976940 3508.355209

INFO:tensorflow:IInfo: 1493558893.903380 13.000960 0.987940 1987.326518

INFO:tensorflow:IInfo: 1493558988.664312 14.000640 0.981740 2673.614795

INFO:tensorflow:IInfo: 1493559083.409416 15.000320 0.986880 1999.191095

INFO:tensorflow:IInfo: 1493559178.161325 16.000000 0.988700 1688.470809

INFO:tensorflow:IInfo: 1493559273.064046 17.000960 0.994740 925.047196

INFO:tensorflow:IInfo: 1493559367.830579 18.000640 0.996800 561.330153

INFO:tensorflow:IInfo: 1493559462.585239 19.000320 0.993260 1059.742951

