INFO:tensorflow:IInfo: 1493537924.688425 0.000000 0.111540 233892.885254

INFO:tensorflow:IInfo: 1493538059.596329 1.000000 0.633770 101488.691284

INFO:tensorflow:IInfo: 1493538194.209135 2.000000 0.732090 76598.469849

INFO:tensorflow:IInfo: 1493538328.901076 3.000000 0.791380 60416.716675

INFO:tensorflow:IInfo: 1493538463.436502 4.000000 0.819250 52406.171234

INFO:tensorflow:IInfo: 1493538597.953736 5.000000 0.847430 44399.097061

INFO:tensorflow:IInfo: 1493538732.423638 6.000000 0.878050 35796.627060

INFO:tensorflow:IInfo: 1493538867.010077 7.000000 0.884790 33688.199982

INFO:tensorflow:IInfo: 1493539001.735497 8.000000 0.897730 30476.985626

INFO:tensorflow:IInfo: 1493539136.409582 9.000000 0.918170 24227.127777

INFO:tensorflow:IInfo: 1493539271.113557 10.000000 0.919260 23748.717232

INFO:tensorflow:IInfo: 1493539405.927304 11.000000 0.927760 21370.936607

INFO:tensorflow:IInfo: 1493539540.600980 12.000000 0.935760 18999.921436

INFO:tensorflow:IInfo: 1493539675.254796 13.000000 0.945690 16180.143673

INFO:tensorflow:IInfo: 1493539809.972051 14.000000 0.947050 15288.634689

INFO:tensorflow:IInfo: 1493539944.733976 15.000000 0.953020 13648.691402

INFO:tensorflow:IInfo: 1493540079.502102 16.000000 0.964450 10978.635178

INFO:tensorflow:IInfo: 1493540214.247082 17.000000 0.959270 12179.221214

INFO:tensorflow:IInfo: 1493540348.769475 18.000000 0.957680 11855.882023

INFO:tensorflow:IInfo: 1493540483.464827 19.000000 0.965550 9914.138405

INFO:tensorflow:IInfo: 1493540618.155776 20.000000 0.982690 5694.177703

INFO:tensorflow:IInfo: 1493540752.930186 21.000000 0.972450 8229.108225

INFO:tensorflow:IInfo: 1493540887.646845 22.000000 0.980290 6068.734452

INFO:tensorflow:IInfo: 1493541022.382137 23.000000 0.983750 5109.941553

INFO:tensorflow:IInfo: 1493541157.099457 24.000000 0.986820 4168.824785

INFO:tensorflow:IInfo: 1493541291.908973 25.000000 0.985700 4432.684882

INFO:tensorflow:IInfo: 1493541426.621013 26.000000 0.986860 4034.551025

INFO:tensorflow:IInfo: 1493541561.367308 27.000000 0.982630 5151.484274

INFO:tensorflow:IInfo: 1493541696.121431 28.000000 0.989270 3495.899677

INFO:tensorflow:IInfo: 1493541830.239650 29.000000 0.989900 3177.488685

INFO:tensorflow:IInfo: 1493541964.167385 30.000000 0.991920 2692.293672

INFO:tensorflow:IInfo: 1493542098.023279 31.000000 0.989590 3192.226660

INFO:tensorflow:IInfo: 1493542232.027895 32.000000 0.994380 1924.218833

INFO:tensorflow:IInfo: 1493542366.533664 33.000000 0.992250 2546.992697

INFO:tensorflow:IInfo: 1493542500.951726 34.000000 0.993740 2105.868049

INFO:tensorflow:IInfo: 1493542635.686427 35.000000 0.995380 1520.216652

INFO:tensorflow:IInfo: 1493542770.421668 36.000000 0.993960 1946.231578

