INFO:tensorflow:IInfo: 1493543242.234951 0.000000 0.085400 117828.947998

INFO:tensorflow:IInfo: 1493543330.044013 1.003520 0.545920 62425.154541

INFO:tensorflow:IInfo: 1493543416.689962 2.001920 0.658440 46169.286926

INFO:tensorflow:IInfo: 1493543503.329200 3.000320 0.704200 41290.188171

INFO:tensorflow:IInfo: 1493543590.440743 4.003840 0.759620 34414.493347

INFO:tensorflow:IInfo: 1493543677.067751 5.002240 0.792060 29658.455444

INFO:tensorflow:IInfo: 1493543763.698586 6.000640 0.817400 26250.810394

INFO:tensorflow:IInfo: 1493543850.730545 7.004160 0.847480 21878.461304

INFO:tensorflow:IInfo: 1493543937.332407 8.002560 0.864160 19567.549149

INFO:tensorflow:IInfo: 1493544023.921413 9.000960 0.888400 16144.934448

INFO:tensorflow:IInfo: 1493544111.144520 10.004480 0.893260 15626.048889

INFO:tensorflow:IInfo: 1493544197.762985 11.002880 0.908880 13265.956978

INFO:tensorflow:IInfo: 1493544284.347620 12.001280 0.907820 13041.514671

INFO:tensorflow:IInfo: 1493544371.341065 13.004800 0.924940 10846.430573

INFO:tensorflow:IInfo: 1493544457.911992 14.003200 0.934360 9655.876022

INFO:tensorflow:IInfo: 1493544544.441665 15.001600 0.941440 8374.852715

INFO:tensorflow:IInfo: 1493544631.007579 16.000000 0.939420 8646.273064

INFO:tensorflow:IInfo: 1493544718.057259 17.003520 0.953980 6708.861893

INFO:tensorflow:IInfo: 1493544804.721562 18.001920 0.945580 7732.527584

INFO:tensorflow:IInfo: 1493544891.302567 19.000320 0.957100 6186.547352

INFO:tensorflow:IInfo: 1493544978.375026 20.003840 0.973600 4029.793352

INFO:tensorflow:IInfo: 1493545064.968058 21.002240 0.954820 6364.408295

INFO:tensorflow:IInfo: 1493545151.569839 22.000640 0.967380 4640.680363

INFO:tensorflow:IInfo: 1493545238.612819 23.004160 0.971840 4018.592442

INFO:tensorflow:IInfo: 1493545325.261534 24.002560 0.979740 3058.271906

INFO:tensorflow:IInfo: 1493545411.902349 25.000960 0.980100 3062.180064

INFO:tensorflow:IInfo: 1493545499.002202 26.004480 0.979200 2911.368799

INFO:tensorflow:IInfo: 1493545585.622735 27.002880 0.971680 4171.844463

INFO:tensorflow:IInfo: 1493545672.274854 28.001280 0.980500 2734.199282

INFO:tensorflow:IInfo: 1493545759.358404 29.004800 0.987200 1954.345860

INFO:tensorflow:IInfo: 1493545846.025567 30.003200 0.987220 1880.927100

INFO:tensorflow:IInfo: 1493545932.619574 31.001600 0.988380 1720.513743

INFO:tensorflow:IInfo: 1493546019.240828 32.000000 0.990680 1363.267740

INFO:tensorflow:IInfo: 1493546106.350818 33.003520 0.987620 1809.597780

INFO:tensorflow:IInfo: 1493546192.987395 34.001920 0.995700 776.619147

INFO:tensorflow:IInfo: 1493546279.530436 35.000320 0.998160 455.484436

INFO:tensorflow:IInfo: 1493546366.530036 36.003840 0.999320 197.368258

