INFO:tensorflow:IInfo: 1493591878.234456 0.000000 0.104520 122984.882812

INFO:tensorflow:IInfo: 1493592011.552352 1.000000 0.656060 48720.978516

INFO:tensorflow:IInfo: 1493592144.405404 2.000000 0.748440 35736.908020

INFO:tensorflow:IInfo: 1493592277.208559 3.000000 0.802300 28674.318939

INFO:tensorflow:IInfo: 1493592410.081803 4.000000 0.824880 25363.005371

INFO:tensorflow:IInfo: 1493592542.864170 5.000000 0.852720 21727.463867

INFO:tensorflow:IInfo: 1493592675.615774 6.000000 0.865860 19395.148926

INFO:tensorflow:IInfo: 1493592808.411958 7.000000 0.879040 17512.120453

INFO:tensorflow:IInfo: 1493592941.305917 8.000000 0.892940 15717.914169

INFO:tensorflow:IInfo: 1493593074.006562 9.000000 0.912020 13059.151024

INFO:tensorflow:IInfo: 1493593206.703603 10.000000 0.914860 12560.840134

INFO:tensorflow:IInfo: 1493593339.557123 11.000000 0.920380 11381.573021

INFO:tensorflow:IInfo: 1493593472.303743 12.000000 0.941480 8803.787460

INFO:tensorflow:IInfo: 1493593605.041463 13.000000 0.938160 9059.886116

INFO:tensorflow:IInfo: 1493593737.719044 14.000000 0.945480 8129.309666

INFO:tensorflow:IInfo: 1493593870.499844 15.000000 0.943360 8288.097122

INFO:tensorflow:IInfo: 1493594003.201372 16.000000 0.952940 6910.375668

INFO:tensorflow:IInfo: 1493594135.973180 17.000000 0.963860 5343.581177

INFO:tensorflow:IInfo: 1493594268.703555 18.000000 0.958160 6026.521175

INFO:tensorflow:IInfo: 1493594401.461276 19.000000 0.969140 4699.487934

INFO:tensorflow:IInfo: 1493594534.216125 20.000000 0.972560 4120.775930

INFO:tensorflow:IInfo: 1493594667.022425 21.000000 0.976980 3426.427589

INFO:tensorflow:IInfo: 1493594799.727390 22.000000 0.984120 2570.872795

INFO:tensorflow:IInfo: 1493594932.465929 23.000000 0.981460 2788.841125

INFO:tensorflow:IInfo: 1493595065.311579 24.000000 0.980120 2889.879637

INFO:tensorflow:IInfo: 1493595198.074581 25.000000 0.988940 1796.700258

INFO:tensorflow:IInfo: 1493595330.797612 26.000000 0.987420 2002.099726

INFO:tensorflow:IInfo: 1493595463.621630 27.000000 0.985800 2127.061206

INFO:tensorflow:IInfo: 1493595596.409355 28.000000 0.989820 1700.708442

INFO:tensorflow:IInfo: 1493595729.237010 29.000000 0.993400 1129.657004

INFO:tensorflow:IInfo: 1493595861.991815 30.000000 0.993820 1094.563049

INFO:tensorflow:IInfo: 1493595994.734076 31.000000 0.990460 1446.588345

INFO:tensorflow:IInfo: 1493596127.553726 32.000000 0.982380 2573.646595

INFO:tensorflow:IInfo: 1493596260.338200 33.000000 0.994800 929.204403

INFO:tensorflow:IInfo: 1493596393.199165 34.000000 0.991420 1281.947330

INFO:tensorflow:IInfo: 1493596526.016708 35.000000 0.991020 1376.986893

INFO:tensorflow:IInfo: 1493596658.939038 36.000000 0.995740 754.389567

INFO:tensorflow:IInfo: 1493596791.751594 37.000000 0.996660 612.094579

