INFO:tensorflow:IInfo: 1493553945.414546 0.000000 0.075740 119202.859619

INFO:tensorflow:IInfo: 1493554031.116223 1.003520 0.425200 75029.798584

INFO:tensorflow:IInfo: 1493554117.030073 2.007040 0.570320 57974.944214

INFO:tensorflow:IInfo: 1493554201.834772 3.000320 0.736120 37879.569458

INFO:tensorflow:IInfo: 1493554287.517697 4.003840 0.852360 22346.569397

INFO:tensorflow:IInfo: 1493554373.171791 5.007360 0.415640 79723.218994

INFO:tensorflow:IInfo: 1493554457.972420 6.000640 0.932040 12139.794601

INFO:tensorflow:IInfo: 1493554543.605816 7.004160 0.999700 705.952559

