INFO:tensorflow:IInfo: 1493720085.610602 0.000000 0.118940 117170.810303

INFO:tensorflow:IInfo: 1493720171.778088 1.003520 0.390920 82577.129150

INFO:tensorflow:IInfo: 1493720257.028143 2.007040 0.465900 73414.229126

INFO:tensorflow:IInfo: 1493720342.422596 3.010560 0.510420 66662.516357

INFO:tensorflow:IInfo: 1493720427.839282 4.014080 0.553460 59731.760742

INFO:tensorflow:IInfo: 1493720513.311239 5.017600 0.558000 61877.681030

INFO:tensorflow:IInfo: 1493720597.182230 6.000640 0.655860 47957.480896

INFO:tensorflow:IInfo: 1493720682.722960 7.004160 0.701680 41637.695312

INFO:tensorflow:IInfo: 1493720768.372959 8.007680 0.733640 37189.382446

INFO:tensorflow:IInfo: 1493720853.673729 9.011200 0.746560 35556.207458

INFO:tensorflow:IInfo: 1493720939.195982 10.014720 0.772540 32527.445129

INFO:tensorflow:IInfo: 1493721024.635058 11.018240 0.771140 32140.255249

INFO:tensorflow:IInfo: 1493721108.372000 12.001280 0.802620 28044.284607

INFO:tensorflow:IInfo: 1493721193.923782 13.004800 0.808700 26928.312500

INFO:tensorflow:IInfo: 1493721279.219884 14.008320 0.824800 25190.242767

INFO:tensorflow:IInfo: 1493721364.618794 15.011840 0.819560 26001.712372

INFO:tensorflow:IInfo: 1493721450.217731 16.015360 0.843520 22761.171844

INFO:tensorflow:IInfo: 1493721535.643067 17.018880 0.863640 19790.736053

INFO:tensorflow:IInfo: 1493721619.491507 18.001920 0.881060 17445.682266

INFO:tensorflow:IInfo: 1493721704.954207 19.005440 0.883920 17036.265778

INFO:tensorflow:IInfo: 1493721790.554677 20.008960 0.882420 16804.957489

INFO:tensorflow:IInfo: 1493721876.415391 21.012480 0.866700 19083.094360

INFO:tensorflow:IInfo: 1493721962.131543 22.016000 0.873620 17914.131958

INFO:tensorflow:IInfo: 1493722047.747475 23.019520 0.915240 12569.626480

INFO:tensorflow:IInfo: 1493722131.430548 24.002560 0.914840 12504.404709

INFO:tensorflow:IInfo: 1493722217.026114 25.006080 0.917440 11635.366257

INFO:tensorflow:IInfo: 1493722302.622031 26.009600 0.939220 9329.457550

INFO:tensorflow:IInfo: 1493722388.392443 27.013120 0.894860 14618.389755

INFO:tensorflow:IInfo: 1493722473.849401 28.016640 0.934500 9564.007240

INFO:tensorflow:IInfo: 1493722559.526007 29.020160 0.925160 10510.299164

INFO:tensorflow:IInfo: 1493722643.429140 30.003200 0.944480 8206.621201

INFO:tensorflow:IInfo: 1493722728.914768 31.006720 0.962740 5804.086235

INFO:tensorflow:IInfo: 1493722814.765076 32.010240 0.896280 15000.425354

INFO:tensorflow:IInfo: 1493722900.457645 33.013760 0.958800 5887.808113

INFO:tensorflow:IInfo: 1493722986.405598 34.017280 0.995100 1569.569076

INFO:tensorflow:IInfo: 1493723070.492281 35.000320 0.998240 832.329146

