INFO:tensorflow:IInfo: 1493719935.346496 0.000000 0.127420 119016.838867

INFO:tensorflow:IInfo: 1493720029.793895 1.000960 0.605900 53925.747803

INFO:tensorflow:IInfo: 1493720123.637313 2.000640 0.729920 37605.932190

INFO:tensorflow:IInfo: 1493720217.483786 3.000320 0.786020 30864.019196

INFO:tensorflow:IInfo: 1493720311.332581 4.000000 0.827060 24913.149811

INFO:tensorflow:IInfo: 1493720405.276054 5.000960 0.838100 23132.708130

INFO:tensorflow:IInfo: 1493720499.113606 6.000640 0.863460 19505.005203

INFO:tensorflow:IInfo: 1493720592.943822 7.000320 0.871620 18242.829163

INFO:tensorflow:IInfo: 1493720686.767328 8.000000 0.897060 14623.725266

INFO:tensorflow:IInfo: 1493720780.708637 9.000960 0.905600 13616.418419

INFO:tensorflow:IInfo: 1493720874.556865 10.000640 0.918280 11746.212547

INFO:tensorflow:IInfo: 1493720968.356883 11.000320 0.923400 11112.055046

INFO:tensorflow:IInfo: 1493721062.191573 12.000000 0.940860 8449.418167

INFO:tensorflow:IInfo: 1493721156.114434 13.000960 0.948340 7662.057564

INFO:tensorflow:IInfo: 1493721249.941133 14.000640 0.945160 7874.016132

INFO:tensorflow:IInfo: 1493721343.757240 15.000320 0.953780 6618.000656

INFO:tensorflow:IInfo: 1493721437.572816 16.000000 0.958800 5947.356350

INFO:tensorflow:IInfo: 1493721531.519082 17.000960 0.966260 4865.936459

INFO:tensorflow:IInfo: 1493721625.339633 18.000640 0.968960 4561.161137

INFO:tensorflow:IInfo: 1493721719.157693 19.000320 0.975600 3606.094568

INFO:tensorflow:IInfo: 1493721812.988948 20.000000 0.973160 3901.679670

INFO:tensorflow:IInfo: 1493721906.915061 21.000960 0.980820 2893.280536

INFO:tensorflow:IInfo: 1493722000.746465 22.000640 0.978320 3183.523144

INFO:tensorflow:IInfo: 1493722094.568489 23.000320 0.987140 2030.773315

INFO:tensorflow:IInfo: 1493722188.390478 24.000000 0.981080 2660.242588

INFO:tensorflow:IInfo: 1493722282.326296 25.000960 0.979900 2883.903605

INFO:tensorflow:IInfo: 1493722376.141745 26.000640 0.987040 1982.554231

INFO:tensorflow:IInfo: 1493722469.978499 27.000320 0.981980 2648.036377

INFO:tensorflow:IInfo: 1493722563.786425 28.000000 0.987860 1811.317679

INFO:tensorflow:IInfo: 1493722657.712000 29.000960 0.991860 1237.567868

INFO:tensorflow:IInfo: 1493722751.538912 30.000640 0.986080 2032.127937

INFO:tensorflow:IInfo: 1493722845.369962 31.000320 0.992420 1141.405181

INFO:tensorflow:IInfo: 1493722939.227910 32.000000 0.994200 856.658901

INFO:tensorflow:IInfo: 1493723033.197862 33.000960 0.993240 988.219597

INFO:tensorflow:IInfo: 1493723127.016303 34.000640 0.991780 1226.657171

INFO:tensorflow:IInfo: 1493723220.833234 35.000320 0.986740 1811.767468

INFO:tensorflow:IInfo: 1493723314.733787 36.000000 0.996240 624.612892

INFO:tensorflow:IInfo: 1493723408.653904 37.000960 0.991860 1169.938336

