INFO:tensorflow:R: 1490227576.485188 264.876788 0.000000
INFO:tensorflow:R: 1490227598.918811 103.355207 0.655360
INFO:tensorflow:R: 1490227702.330560 103.873744 3.650560
INFO:tensorflow:R: 1490227805.799787 81.167753 6.645760
INFO:tensorflow:R: 1490227908.820878 71.691439 9.640960
INFO:tensorflow:R: 1490228012.427674 62.740361 12.636160
INFO:tensorflow:R: 1490228115.666279 53.553859 15.631360
INFO:tensorflow:R: 1490228219.309616 52.879556 18.626560
INFO:tensorflow:R: 1490228323.198965 42.818380 21.621760
INFO:tensorflow:R: 1490228426.307335 44.206486 24.616960
INFO:tensorflow:R: 1490228529.834167 44.414098 27.612160
INFO:tensorflow:R: 1490228633.550155 48.302226 30.607360
INFO:tensorflow:R: 1490228736.772772 29.832787 33.602560
INFO:tensorflow:R: 1490228840.527670 35.640569 36.597760
INFO:tensorflow:R: 1490228943.827415 36.189690 39.592960
INFO:tensorflow:R: 1490229046.821082 34.390256 42.588160
INFO:tensorflow:R: 1490229150.278384 27.145874 45.583360
INFO:tensorflow:R: 1490229253.626904 32.643024 48.578560
INFO:tensorflow:R: 1490229356.887420 24.576142 51.573760
INFO:tensorflow:R: 1490229461.486269 30.275624 54.568960
INFO:tensorflow:R: 1490229564.722540 30.325349 57.564160
INFO:tensorflow:R: 1490229668.444678 31.772569 60.559360
INFO:tensorflow:R: 1490229771.715380 24.347578 63.554560
INFO:tensorflow:R: 1490229874.815504 33.591286 66.549760
INFO:tensorflow:R: 1490229978.011453 25.710838 69.544960
INFO:tensorflow:R: 1490230081.238355 29.966941 72.540160
INFO:tensorflow:R: 1490230184.404248 26.535817 75.535360
INFO:tensorflow:R: 1490230287.632675 33.127594 78.530560
INFO:tensorflow:R: 1490230390.874127 31.550126 81.525760
INFO:tensorflow:R: 1490230494.219785 28.258429 84.520960
INFO:tensorflow:R: 1490230597.372253 26.049919 87.516160
INFO:tensorflow:R: 1490230700.697403 28.160492 90.511360
INFO:tensorflow:R: 1490230803.832154 26.148965 93.506560
INFO:tensorflow:R: 1490230907.069741 28.562139 96.501760
INFO:tensorflow:R: 1490231009.963748 25.532309 99.496960
INFO:tensorflow:R: 1490231113.075076 34.470496 102.492160
INFO:tensorflow:R: 1490231216.266393 28.751075 105.487360
INFO:tensorflow:R: 1490231319.475167 30.373074 108.482560
INFO:tensorflow:R: 1490231422.604708 27.618954 111.477760
INFO:tensorflow:R: 1490231525.707620 30.327313 114.472960
INFO:tensorflow:R: 1490231628.856973 38.311050 117.468160
INFO:tensorflow:R: 1490231731.951004 31.697141 120.463360
INFO:tensorflow:R: 1490231835.215272 33.619575 123.458560
INFO:tensorflow:R: 1490231938.123821 30.708816 126.453760
INFO:tensorflow:R: 1490232041.579095 34.902808 129.448960
INFO:tensorflow:R: 1490232144.526005 30.405662 132.444160
INFO:tensorflow:R: 1490232247.876212 30.580519 135.439360
INFO:tensorflow:R: 1490232351.214259 29.200527 138.434560
INFO:tensorflow:R: 1490232454.174926 32.000334 141.429760
INFO:tensorflow:R: 1490232558.297020 40.605871 144.424960
INFO:tensorflow:R: 1490232661.681851 49.382393 147.420160
INFO:tensorflow:R: 1490232764.717314 42.429527 150.415360
INFO:tensorflow:R: 1490232869.217465 40.298475 153.410560
INFO:tensorflow:R: 1490232972.646366 37.069797 156.405760
INFO:tensorflow:R: 1490233076.516781 43.965911 159.400960
INFO:tensorflow:R: 1490233179.819746 51.462690 162.396160
INFO:tensorflow:R: 1490233284.304603 46.810522 165.391360
INFO:tensorflow:R: 1490233387.597268 40.951704 168.386560
INFO:tensorflow:R: 1490233490.926578 37.682840 171.381760
INFO:tensorflow:R: 1490233594.584783 46.457655 174.376960
INFO:tensorflow:R: 1490233699.776599 40.872196 177.372160
INFO:tensorflow:R: 1490233803.012507 43.827000 180.367360
INFO:tensorflow:R: 1490233906.267987 39.599099 183.362560
INFO:tensorflow:R: 1490234009.063645 44.293457 186.357760
INFO:tensorflow:R: 1490234112.128875 38.493186 189.352960
INFO:tensorflow:R: 1490234215.127305 53.232549 192.348160
INFO:tensorflow:R: 1490234318.270722 40.380160 195.343360
INFO:tensorflow:R: 1490234421.606814 45.342894 198.338560
INFO:tensorflow:R: 1490234525.886929 39.135467 201.333760
INFO:tensorflow:R: 1490234628.770685 40.742327 204.328960
INFO:tensorflow:R: 1490234732.028308 52.945066 207.324160
INFO:tensorflow:R: 1490234836.109817 46.891396 210.319360
INFO:tensorflow:R: 1490234939.223821 51.182554 213.314560
INFO:tensorflow:R: 1490235044.217177 51.163282 216.309760
INFO:tensorflow:R: 1490235146.992487 61.090845 219.304960
INFO:tensorflow:R: 1490235251.841058 50.937123 222.300160
INFO:tensorflow:R: 1490235355.131067 58.548680 225.295360
INFO:tensorflow:R: 1490235460.075781 57.431020 228.290560
INFO:tensorflow:R: 1490235563.416657 67.753038 231.285760
INFO:tensorflow:R: 1490235667.000715 42.673535 234.280960
INFO:tensorflow:R: 1490235771.530763 64.845500 237.276160
INFO:tensorflow:R: 1490235874.815938 51.800654 240.271360
INFO:tensorflow:R: 1490235978.032553 52.126445 243.266560
INFO:tensorflow:R: 1490236081.205310 48.652073 246.261760
INFO:tensorflow:R: 1490236184.463097 54.291533 249.256960
INFO:tensorflow:R: 1490236287.811387 56.399080 252.252160
INFO:tensorflow:R: 1490236391.648782 54.122884 255.247360
INFO:tensorflow:R: 1490236495.638066 48.216549 258.242560
INFO:tensorflow:R: 1490236598.733342 73.407596 261.237760
INFO:tensorflow:R: 1490236701.517908 68.224345 264.232960
INFO:tensorflow:R: 1490236804.707210 55.998817 267.228160
INFO:tensorflow:R: 1490236909.932456 58.236474 270.223360
INFO:tensorflow:R: 1490237014.864429 58.655643 273.218560
INFO:tensorflow:R: 1490237118.716749 55.896961 276.213760
INFO:tensorflow:R: 1490237221.570661 39.406223 279.208960
INFO:tensorflow:R: 1490237324.780863 66.174206 282.204160
INFO:tensorflow:R: 1490237429.344015 60.814948 285.199360
INFO:tensorflow:R: 1490237533.074261 47.077398 288.194560
INFO:tensorflow:R: 1490237636.334456 50.203682 291.189760
INFO:tensorflow:R: 1490237739.302406 55.971877 294.184960
INFO:tensorflow:R: 1490237842.510234 54.544882 297.180160
INFO:tensorflow:R: 1490237946.259787 51.807369 300.175360
INFO:tensorflow:R: 1490238049.362764 70.613701 303.170560
INFO:tensorflow:R: 1490238154.752213 52.092935 306.165760
INFO:tensorflow:R: 1490238257.612464 54.415872 309.160960
INFO:tensorflow:R: 1490238360.658001 61.726401 312.156160
INFO:tensorflow:R: 1490238463.990254 73.248346 315.151360
INFO:tensorflow:R: 1490238567.002561 75.352108 318.146560
INFO:tensorflow:R: 1490238670.182216 68.690606 321.141760
INFO:tensorflow:R: 1490238772.834222 73.731267 324.136960
INFO:tensorflow:R: 1490238875.686690 73.981330 327.132160
INFO:tensorflow:R: 1490238979.726422 85.022668 330.127360
INFO:tensorflow:R: 1490239083.402773 75.143948 333.122560
INFO:tensorflow:R: 1490239186.197439 83.167609 336.117760
INFO:tensorflow:R: 1490239288.900406 69.851580 339.112960
INFO:tensorflow:R: 1490239391.713020 79.964938 342.108160
INFO:tensorflow:R: 1490239496.609283 69.642786 345.103360
INFO:tensorflow:R: 1490239599.335326 66.037610 348.098560
INFO:tensorflow:R: 1490239701.960521 109.600079 351.093760
INFO:tensorflow:R: 1490239804.535482 99.410584 354.088960
INFO:tensorflow:R: 1490239907.412785 102.648539 357.084160
INFO:tensorflow:R: 1490240010.098359 79.685713 360.079360
INFO:tensorflow:R: 1490240113.185544 60.402343 363.074560
INFO:tensorflow:R: 1490240217.825868 68.798381 366.069760
INFO:tensorflow:R: 1490240321.254421 71.772374 369.064960
INFO:tensorflow:R: 1490240424.398013 80.403820 372.060160
INFO:tensorflow:R: 1490240527.415142 80.388749 375.055360
INFO:tensorflow:R: 1490240630.205332 68.321828 378.050560
INFO:tensorflow:R: 1490240733.378561 81.719514 381.045760
INFO:tensorflow:R: 1490240835.674264 99.715464 384.040960
INFO:tensorflow:R: 1490240938.700585 76.944430 387.036160
INFO:tensorflow:R: 1490241041.562469 70.910337 390.031360
INFO:tensorflow:R: 1490241144.486678 74.291166 393.026560
INFO:tensorflow:R: 1490241247.141696 62.135612 396.021760
INFO:tensorflow:IInfo: 1490227576.318419 0.000000 0.065140 127.533284
INFO:tensorflow:IInfo: 1490227614.179843 1.003520 0.607460 64.996238
INFO:tensorflow:IInfo: 1490227647.334699 2.001920 0.651140 59.657065
INFO:tensorflow:IInfo: 1490227680.444557 3.000320 0.694640 53.859136
INFO:tensorflow:IInfo: 1490227717.716588 4.003840 0.717100 50.501512
INFO:tensorflow:IInfo: 1490227750.898575 5.002240 0.728000 49.274983
INFO:tensorflow:IInfo: 1490227784.074846 6.000640 0.753900 46.021789
INFO:tensorflow:IInfo: 1490227821.045880 7.004160 0.769900 43.375434
INFO:tensorflow:IInfo: 1490227854.112238 8.002560 0.778620 41.853858
INFO:tensorflow:IInfo: 1490227887.184408 9.000960 0.770960 43.126309
INFO:tensorflow:IInfo: 1490227924.644248 10.004480 0.793380 39.686393
INFO:tensorflow:IInfo: 1490227957.889720 11.002880 0.803480 38.848559
INFO:tensorflow:IInfo: 1490227990.991961 12.001280 0.814640 36.956613
INFO:tensorflow:IInfo: 1490228027.914365 13.004800 0.823600 35.812595
INFO:tensorflow:IInfo: 1490228061.118818 14.003200 0.816640 36.950671
INFO:tensorflow:IInfo: 1490228094.371450 15.001600 0.832220 34.343889
INFO:tensorflow:IInfo: 1490228131.613801 16.000000 0.842120 32.912670
INFO:tensorflow:IInfo: 1490228165.043557 17.003520 0.836960 33.353127
INFO:tensorflow:IInfo: 1490228198.214337 18.001920 0.843080 32.688548
INFO:tensorflow:IInfo: 1490228235.569792 19.000320 0.857100 30.846687
INFO:tensorflow:IInfo: 1490228268.910915 20.003840 0.860260 30.156052
INFO:tensorflow:IInfo: 1490228302.227474 21.002240 0.865420 29.620977
INFO:tensorflow:IInfo: 1490228339.106627 22.000640 0.860820 30.002147
INFO:tensorflow:IInfo: 1490228372.426725 23.004160 0.870300 28.706750
INFO:tensorflow:IInfo: 1490228405.482401 24.002560 0.872420 28.342806
INFO:tensorflow:IInfo: 1490228442.762039 25.000960 0.880980 27.225515
INFO:tensorflow:IInfo: 1490228476.062416 26.004480 0.877280 27.588714
INFO:tensorflow:IInfo: 1490228509.174722 27.002880 0.885200 26.266686
INFO:tensorflow:IInfo: 1490228546.373860 28.001280 0.886460 26.359731
INFO:tensorflow:IInfo: 1490228579.748047 29.004800 0.886360 26.060935
INFO:tensorflow:IInfo: 1490228612.982797 30.003200 0.892760 25.202959
INFO:tensorflow:IInfo: 1490228650.147409 31.001600 0.889000 25.644023
INFO:tensorflow:IInfo: 1490228683.222379 32.000000 0.895640 24.826131
INFO:tensorflow:IInfo: 1490228716.453635 33.003520 0.893820 25.007153
INFO:tensorflow:IInfo: 1490228753.735080 34.001920 0.899640 23.937649
INFO:tensorflow:IInfo: 1490228786.963255 35.000320 0.910300 22.692993
INFO:tensorflow:IInfo: 1490228820.351646 36.003840 0.904700 23.391205
INFO:tensorflow:IInfo: 1490228857.549397 37.002240 0.903400 23.425844
INFO:tensorflow:IInfo: 1490228890.604515 38.000640 0.903920 23.188292
INFO:tensorflow:IInfo: 1490228923.833047 39.004160 0.907080 22.744266
INFO:tensorflow:IInfo: 1490228960.736636 40.002560 0.905640 22.818969
INFO:tensorflow:IInfo: 1490228993.837627 41.000960 0.915380 21.691180
INFO:tensorflow:IInfo: 1490229027.040174 42.004480 0.910160 22.290396
INFO:tensorflow:IInfo: 1490229064.271110 43.002880 0.916980 21.279714
INFO:tensorflow:IInfo: 1490229097.388181 44.001280 0.918920 20.919685
INFO:tensorflow:IInfo: 1490229130.682795 45.004800 0.915720 21.373365
INFO:tensorflow:IInfo: 1490229167.905802 46.003200 0.920960 20.636721
INFO:tensorflow:IInfo: 1490229200.981037 47.001600 0.919060 20.847088
INFO:tensorflow:IInfo: 1490229234.040365 48.000000 0.924640 19.997246
INFO:tensorflow:IInfo: 1490229271.288862 49.003520 0.923520 20.312208
INFO:tensorflow:IInfo: 1490229304.359810 50.001920 0.926540 19.653348
INFO:tensorflow:IInfo: 1490229337.425528 51.000320 0.922160 20.237405
INFO:tensorflow:IInfo: 1490229374.744735 52.003840 0.928660 19.228521
INFO:tensorflow:IInfo: 1490229407.814363 53.002240 0.923260 19.967465
INFO:tensorflow:IInfo: 1490229440.902184 54.000640 0.934640 18.403311
INFO:tensorflow:IInfo: 1490229479.425334 55.004160 0.937040 18.222072
INFO:tensorflow:IInfo: 1490229512.505318 56.002560 0.932480 18.520550
INFO:tensorflow:IInfo: 1490229545.550618 57.000960 0.936380 18.024419
INFO:tensorflow:IInfo: 1490229582.880797 58.004480 0.939360 17.579334
INFO:tensorflow:IInfo: 1490229616.070355 59.002880 0.938820 17.591713
INFO:tensorflow:IInfo: 1490229649.490609 60.001280 0.933860 18.302662
INFO:tensorflow:IInfo: 1490229686.753166 61.004800 0.938800 17.663189
INFO:tensorflow:IInfo: 1490229719.815940 62.003200 0.942160 17.175567
INFO:tensorflow:IInfo: 1490229752.870890 63.001600 0.942500 17.115346
INFO:tensorflow:IInfo: 1490229789.913937 64.000000 0.946760 16.366166
INFO:tensorflow:IInfo: 1490229823.142098 65.003520 0.942160 17.015129
INFO:tensorflow:IInfo: 1490229856.188937 66.001920 0.944180 16.750974
INFO:tensorflow:IInfo: 1490229893.363737 67.000320 0.947400 16.314934
INFO:tensorflow:IInfo: 1490229926.494936 68.003840 0.938340 17.176119
INFO:tensorflow:IInfo: 1490229959.536925 69.002240 0.948980 16.018120
INFO:tensorflow:IInfo: 1490229996.687783 70.000640 0.952500 15.597829
INFO:tensorflow:IInfo: 1490230029.903589 71.004160 0.949580 15.806052
INFO:tensorflow:IInfo: 1490230062.937796 72.002560 0.948080 15.883903
INFO:tensorflow:IInfo: 1490230099.997606 73.000960 0.953860 15.278756
INFO:tensorflow:IInfo: 1490230133.207214 74.004480 0.949260 15.671736
INFO:tensorflow:IInfo: 1490230166.330339 75.002880 0.953000 15.249502
INFO:tensorflow:IInfo: 1490230203.461025 76.001280 0.952520 15.213469
INFO:tensorflow:IInfo: 1490230236.628527 77.004800 0.950100 15.432528
INFO:tensorflow:IInfo: 1490230269.678956 78.003200 0.955320 14.785899
INFO:tensorflow:IInfo: 1490230306.856226 79.001600 0.949120 15.349395
INFO:tensorflow:IInfo: 1490230339.882313 80.000000 0.958060 14.427009
INFO:tensorflow:IInfo: 1490230373.059078 81.003520 0.952500 15.079810
INFO:tensorflow:IInfo: 1490230410.199383 82.001920 0.950060 15.367305
INFO:tensorflow:IInfo: 1490230443.316623 83.000320 0.958340 14.272053
INFO:tensorflow:IInfo: 1490230476.584806 84.003840 0.959680 14.039348
INFO:tensorflow:IInfo: 1490230513.604705 85.002240 0.960380 14.082374
INFO:tensorflow:IInfo: 1490230546.656005 86.000640 0.954400 14.682267
INFO:tensorflow:IInfo: 1490230579.876103 87.004160 0.954580 14.713371
INFO:tensorflow:IInfo: 1490230617.042706 88.002560 0.958280 14.077432
INFO:tensorflow:IInfo: 1490230650.120429 89.000960 0.963000 13.596950
INFO:tensorflow:IInfo: 1490230683.388077 90.004480 0.956160 14.365683
INFO:tensorflow:IInfo: 1490230720.464742 91.002880 0.962640 13.468515
INFO:tensorflow:IInfo: 1490230753.535912 92.001280 0.964200 13.276297
INFO:tensorflow:IInfo: 1490230786.694070 93.004800 0.957540 14.196936
INFO:tensorflow:IInfo: 1490230823.778188 94.003200 0.963280 13.308474
INFO:tensorflow:IInfo: 1490230856.854185 95.001600 0.963120 13.396550
INFO:tensorflow:IInfo: 1490230889.910873 96.000000 0.961500 13.616634
INFO:tensorflow:IInfo: 1490230926.800276 97.003520 0.965120 13.102780
INFO:tensorflow:IInfo: 1490230959.877520 98.001920 0.963080 13.350315
INFO:tensorflow:IInfo: 1490230992.934093 99.000320 0.967160 12.565536
INFO:tensorflow:IInfo: 1490231030.166173 100.003840 0.963500 13.261956
INFO:tensorflow:IInfo: 1490231063.198871 101.002240 0.964860 12.973844
INFO:tensorflow:IInfo: 1490231096.246219 102.000640 0.968100 12.542452
INFO:tensorflow:IInfo: 1490231133.516248 103.004160 0.970180 12.149272
INFO:tensorflow:IInfo: 1490231166.536431 104.002560 0.968520 12.365659
INFO:tensorflow:IInfo: 1490231199.618584 105.000960 0.971260 12.080823
INFO:tensorflow:IInfo: 1490231236.930146 106.004480 0.972920 11.826365
INFO:tensorflow:IInfo: 1490231269.964163 107.002880 0.973220 11.879056
INFO:tensorflow:IInfo: 1490231303.021151 108.001280 0.970460 12.076361
INFO:tensorflow:IInfo: 1490231340.233588 109.004800 0.970020 12.112395
INFO:tensorflow:IInfo: 1490231373.262739 110.003200 0.972720 11.741977
INFO:tensorflow:IInfo: 1490231406.320676 111.001600 0.967680 12.340304
INFO:tensorflow:IInfo: 1490231443.397717 112.000000 0.972020 11.804731
INFO:tensorflow:IInfo: 1490231476.582794 113.003520 0.974860 11.513140
INFO:tensorflow:IInfo: 1490231509.556046 114.001920 0.974540 11.423837
INFO:tensorflow:IInfo: 1490231546.591377 115.000320 0.967020 12.391866
INFO:tensorflow:IInfo: 1490231579.745026 116.003840 0.972260 11.682288
INFO:tensorflow:IInfo: 1490231612.841110 117.002240 0.971600 11.820410
INFO:tensorflow:IInfo: 1490231649.951347 118.000640 0.974500 11.437687
INFO:tensorflow:IInfo: 1490231683.129229 119.004160 0.975340 11.171501
INFO:tensorflow:IInfo: 1490231716.140938 120.002560 0.975160 11.271584
INFO:tensorflow:IInfo: 1490231753.225059 121.000960 0.969120 11.951269
INFO:tensorflow:IInfo: 1490231786.487517 122.004480 0.976840 11.016652
INFO:tensorflow:IInfo: 1490231819.558394 123.002880 0.973640 11.355737
INFO:tensorflow:IInfo: 1490231856.219612 124.001280 0.975920 11.048404
INFO:tensorflow:IInfo: 1490231889.534497 125.004800 0.976760 10.955420
INFO:tensorflow:IInfo: 1490231922.593132 126.003200 0.978820 10.645198
INFO:tensorflow:IInfo: 1490231959.657074 127.001600 0.974000 11.295249
INFO:tensorflow:IInfo: 1490231992.942875 128.000000 0.976460 10.926081
INFO:tensorflow:IInfo: 1490232026.197368 129.003520 0.978800 10.631620
INFO:tensorflow:IInfo: 1490232062.990251 130.001920 0.974940 11.128135
INFO:tensorflow:IInfo: 1490232096.089462 131.000320 0.982120 10.162872
INFO:tensorflow:IInfo: 1490232129.335196 132.003840 0.975800 10.925149
INFO:tensorflow:IInfo: 1490232166.549427 133.002240 0.975600 10.906156
INFO:tensorflow:IInfo: 1490232199.585762 134.000640 0.980340 10.372859
INFO:tensorflow:IInfo: 1490232232.873144 135.004160 0.982360 10.094933
INFO:tensorflow:IInfo: 1490232270.009699 136.002560 0.977880 10.595552
INFO:tensorflow:IInfo: 1490232303.057803 137.000960 0.980960 10.202085
INFO:tensorflow:IInfo: 1490232336.367944 138.004480 0.975460 10.790466
INFO:tensorflow:IInfo: 1490232373.149581 139.002880 0.978600 10.434028
INFO:tensorflow:IInfo: 1490232406.226356 140.001280 0.977860 10.600391
INFO:tensorflow:IInfo: 1490232439.446810 141.004800 0.981420 10.118925
INFO:tensorflow:IInfo: 1490232477.493910 142.003200 0.976820 10.730696
INFO:tensorflow:IInfo: 1490232510.573741 143.001600 0.981600 10.014789
INFO:tensorflow:IInfo: 1490232543.608702 144.000000 0.978920 10.330366
INFO:tensorflow:IInfo: 1490232580.946694 145.003520 0.980140 10.189180
INFO:tensorflow:IInfo: 1490232614.062632 146.001920 0.973760 10.916081
INFO:tensorflow:IInfo: 1490232647.151929 147.000320 0.980220 10.084470
INFO:tensorflow:IInfo: 1490232684.051254 148.003840 0.982780 9.779450
INFO:tensorflow:IInfo: 1490232717.220565 149.002240 0.981720 9.901905
INFO:tensorflow:IInfo: 1490232750.328073 150.000640 0.981740 9.849509
INFO:tensorflow:IInfo: 1490232788.821108 151.004160 0.983260 9.617800
INFO:tensorflow:IInfo: 1490232821.872933 152.002560 0.982840 9.674221
INFO:tensorflow:IInfo: 1490232854.974031 153.000960 0.982220 9.653209
INFO:tensorflow:IInfo: 1490232892.394023 154.004480 0.985460 9.308194
INFO:tensorflow:IInfo: 1490232925.493507 155.002880 0.979660 9.949762
INFO:tensorflow:IInfo: 1490232958.589097 156.001280 0.982700 9.584796
INFO:tensorflow:IInfo: 1490232996.339109 157.004800 0.982420 9.621956
INFO:tensorflow:IInfo: 1490233029.445969 158.003200 0.983900 9.476211
INFO:tensorflow:IInfo: 1490233062.593552 159.001600 0.980240 9.931025
INFO:tensorflow:IInfo: 1490233099.749565 160.000000 0.980940 9.794061
INFO:tensorflow:IInfo: 1490233133.028226 161.003520 0.977780 10.099459
INFO:tensorflow:IInfo: 1490233166.111386 162.001920 0.980360 9.803592
INFO:tensorflow:IInfo: 1490233204.374326 163.000320 0.979440 9.936918
INFO:tensorflow:IInfo: 1490233237.621611 164.003840 0.980940 9.726887
INFO:tensorflow:IInfo: 1490233270.751558 165.002240 0.984440 9.277109
INFO:tensorflow:IInfo: 1490233307.870587 166.000640 0.975960 10.253694
INFO:tensorflow:IInfo: 1490233341.097239 167.004160 0.985580 9.100684
INFO:tensorflow:IInfo: 1490233374.223317 168.002560 0.984500 9.270082
INFO:tensorflow:IInfo: 1490233411.331978 169.000960 0.985800 9.015296
INFO:tensorflow:IInfo: 1490233444.624109 170.004480 0.984940 9.143175
INFO:tensorflow:IInfo: 1490233477.712517 171.002880 0.984100 9.155068
INFO:tensorflow:IInfo: 1490233514.872456 172.001280 0.984460 9.219010
INFO:tensorflow:IInfo: 1490233548.121099 173.004800 0.983120 9.246088
INFO:tensorflow:IInfo: 1490233581.499341 174.003200 0.984760 9.012540
INFO:tensorflow:IInfo: 1490233620.601910 175.001600 0.982840 9.339761
INFO:tensorflow:IInfo: 1490233653.654089 176.000000 0.986680 8.878053
INFO:tensorflow:IInfo: 1490233686.872177 177.003520 0.983040 9.299780
INFO:tensorflow:IInfo: 1490233724.021326 178.001920 0.984180 9.028130
INFO:tensorflow:IInfo: 1490233757.066379 179.000320 0.984500 8.956003
INFO:tensorflow:IInfo: 1490233790.269567 180.003840 0.983920 9.095025
INFO:tensorflow:IInfo: 1490233827.523830 181.002240 0.983640 9.081628
INFO:tensorflow:IInfo: 1490233860.518077 182.000640 0.983800 9.041018
INFO:tensorflow:IInfo: 1490233893.735809 183.004160 0.983180 9.102110
INFO:tensorflow:IInfo: 1490233930.421109 184.002560 0.982800 9.152076
INFO:tensorflow:IInfo: 1490233963.464668 185.000960 0.983020 9.098356
INFO:tensorflow:IInfo: 1490233996.646249 186.004480 0.987060 8.609067
INFO:tensorflow:IInfo: 1490234033.770601 187.002880 0.984720 8.904224
INFO:tensorflow:IInfo: 1490234066.754211 188.001280 0.988040 8.453455
INFO:tensorflow:IInfo: 1490234099.905099 189.004800 0.983540 8.924510
INFO:tensorflow:IInfo: 1490234137.028880 190.003200 0.978340 9.684220
INFO:tensorflow:IInfo: 1490234169.996675 191.001600 0.985240 8.775807
INFO:tensorflow:IInfo: 1490234202.929102 192.000000 0.987200 8.510758
INFO:tensorflow:IInfo: 1490234240.137185 193.003520 0.984080 8.848336
INFO:tensorflow:IInfo: 1490234273.127327 194.001920 0.984280 8.770221
INFO:tensorflow:IInfo: 1490234306.252368 195.000320 0.986160 8.649255
INFO:tensorflow:IInfo: 1490234343.835188 196.003840 0.985980 8.636324
INFO:tensorflow:IInfo: 1490234376.769571 197.002240 0.986880 8.481189
INFO:tensorflow:IInfo: 1490234409.739339 198.000640 0.987100 8.389546
INFO:tensorflow:IInfo: 1490234448.062899 199.004160 0.989760 8.090053
INFO:tensorflow:IInfo: 1490234481.069479 200.002560 0.986500 8.421371
INFO:tensorflow:IInfo: 1490234514.131033 201.000960 0.988140 8.331173
INFO:tensorflow:IInfo: 1490234551.354895 202.004480 0.986440 8.441849
INFO:tensorflow:IInfo: 1490234584.276018 203.002880 0.986280 8.369466
INFO:tensorflow:IInfo: 1490234617.264492 204.001280 0.987680 8.286247
INFO:tensorflow:IInfo: 1490234654.477219 205.004800 0.987100 8.383642
INFO:tensorflow:IInfo: 1490234687.632480 206.003200 0.989040 8.035188
INFO:tensorflow:IInfo: 1490234720.690523 207.001600 0.986780 8.292128
INFO:tensorflow:IInfo: 1490234758.401526 208.000000 0.987380 8.203780
INFO:tensorflow:IInfo: 1490234791.603032 209.003520 0.984680 8.493633
INFO:tensorflow:IInfo: 1490234824.814252 210.001920 0.987540 8.263086
INFO:tensorflow:IInfo: 1490234861.903010 211.000320 0.985880 8.391783
INFO:tensorflow:IInfo: 1490234895.071890 212.003840 0.987880 8.136129
INFO:tensorflow:IInfo: 1490234928.120063 213.002240 0.989040 7.954432
INFO:tensorflow:IInfo: 1490234966.948277 214.000640 0.985500 8.425374
INFO:tensorflow:IInfo: 1490235000.173215 215.004160 0.985660 8.331568
INFO:tensorflow:IInfo: 1490235033.249358 216.002560 0.986440 8.204721
INFO:tensorflow:IInfo: 1490235070.068417 217.000960 0.981440 8.864015
INFO:tensorflow:IInfo: 1490235103.254522 218.004480 0.987020 8.224622
INFO:tensorflow:IInfo: 1490235136.255690 219.002880 0.985740 8.285598
INFO:tensorflow:IInfo: 1490235174.987573 220.001280 0.985340 8.332421
INFO:tensorflow:IInfo: 1490235208.110969 221.004800 0.989560 7.814679
INFO:tensorflow:IInfo: 1490235241.230899 222.003200 0.981800 8.704869
INFO:tensorflow:IInfo: 1490235278.459568 223.001600 0.987860 7.936323
INFO:tensorflow:IInfo: 1490235311.511805 224.000000 0.988380 7.922441
INFO:tensorflow:IInfo: 1490235344.677585 225.003520 0.986980 8.054172
INFO:tensorflow:IInfo: 1490235383.539098 226.001920 0.983820 8.512940
INFO:tensorflow:IInfo: 1490235416.531295 227.000320 0.987640 7.949156
INFO:tensorflow:IInfo: 1490235449.785202 228.003840 0.987760 7.948867
INFO:tensorflow:IInfo: 1490235487.016987 229.002240 0.988480 7.833395
INFO:tensorflow:IInfo: 1490235520.091407 230.000640 0.989340 7.744786
INFO:tensorflow:IInfo: 1490235553.347205 231.004160 0.986760 7.977470
INFO:tensorflow:IInfo: 1490235590.687464 232.002560 0.991300 7.438455
INFO:tensorflow:IInfo: 1490235623.729996 233.000960 0.988360 7.762274
INFO:tensorflow:IInfo: 1490235657.016166 234.004480 0.986520 8.066530
INFO:tensorflow:IInfo: 1490235695.184168 235.002880 0.988840 7.687838
INFO:tensorflow:IInfo: 1490235728.323115 236.001280 0.987840 7.816239
INFO:tensorflow:IInfo: 1490235761.702718 237.004800 0.984260 8.229484
INFO:tensorflow:IInfo: 1490235798.880450 238.003200 0.988720 7.707934
INFO:tensorflow:IInfo: 1490235831.963389 239.001600 0.988200 7.701818
INFO:tensorflow:IInfo: 1490235865.087662 240.000000 0.989260 7.583600
INFO:tensorflow:IInfo: 1490235902.477927 241.003520 0.986240 7.943335
INFO:tensorflow:IInfo: 1490235935.472250 242.001920 0.988980 7.576626
INFO:tensorflow:IInfo: 1490235968.492516 243.000320 0.986880 7.857090
INFO:tensorflow:IInfo: 1490236005.711530 244.003840 0.988200 7.681739
INFO:tensorflow:IInfo: 1490236038.702099 245.002240 0.982900 8.294070
INFO:tensorflow:IInfo: 1490236071.760848 246.000640 0.984540 8.085980
INFO:tensorflow:IInfo: 1490236108.684043 247.004160 0.987260 7.722581
INFO:tensorflow:IInfo: 1490236141.776661 248.002560 0.989020 7.612836
INFO:tensorflow:IInfo: 1490236175.172199 249.000960 0.990260 7.306217
INFO:tensorflow:IInfo: 1490236212.492720 250.004480 0.988600 7.550131
INFO:tensorflow:IInfo: 1490236245.610903 251.002880 0.987140 7.752767
INFO:tensorflow:IInfo: 1490236278.657710 252.001280 0.991120 7.218245
INFO:tensorflow:IInfo: 1490236316.103334 253.004800 0.990140 7.358949
INFO:tensorflow:IInfo: 1490236349.298678 254.003200 0.990400 7.246860
INFO:tensorflow:IInfo: 1490236382.636955 255.001600 0.987560 7.615072
INFO:tensorflow:IInfo: 1490236420.545926 256.000000 0.990140 7.338056
INFO:tensorflow:IInfo: 1490236453.764485 257.003520 0.989880 7.263296
INFO:tensorflow:IInfo: 1490236486.842127 258.001920 0.985640 7.924407
INFO:tensorflow:IInfo: 1490236523.927088 259.000320 0.988600 7.387969
INFO:tensorflow:IInfo: 1490236557.118522 260.003840 0.989360 7.378197
INFO:tensorflow:IInfo: 1490236590.117901 261.002240 0.989760 7.264037
INFO:tensorflow:IInfo: 1490236626.818814 262.000640 0.989760 7.303383
INFO:tensorflow:IInfo: 1490236660.037876 263.004160 0.988620 7.421055
INFO:tensorflow:IInfo: 1490236693.092773 264.002560 0.985240 7.780719
INFO:tensorflow:IInfo: 1490236730.165580 265.000960 0.986780 7.579997
INFO:tensorflow:IInfo: 1490236763.419461 266.004480 0.991500 7.045688
INFO:tensorflow:IInfo: 1490236796.455618 267.002880 0.990060 7.252698
INFO:tensorflow:IInfo: 1490236833.652515 268.001280 0.990060 7.234368
INFO:tensorflow:IInfo: 1490236867.697830 269.004800 0.987120 7.519362
INFO:tensorflow:IInfo: 1490236901.822087 270.003200 0.989300 7.317455
INFO:tensorflow:IInfo: 1490236940.729870 271.001600 0.987740 7.404731
INFO:tensorflow:IInfo: 1490236973.733398 272.000000 0.993700 6.666715
INFO:tensorflow:IInfo: 1490237006.940328 273.003520 0.990520 7.110687
INFO:tensorflow:IInfo: 1490237044.804589 274.001920 0.987300 7.461374
INFO:tensorflow:IInfo: 1490237077.773887 275.000320 0.986900 7.466377
INFO:tensorflow:IInfo: 1490237110.974022 276.003840 0.990760 7.056106
INFO:tensorflow:IInfo: 1490237147.673097 277.002240 0.990240 7.121976
INFO:tensorflow:IInfo: 1490237180.717826 278.000640 0.985980 7.562687
INFO:tensorflow:IInfo: 1490237213.958612 279.004160 0.987920 7.346016
INFO:tensorflow:IInfo: 1490237251.024806 280.002560 0.987600 7.417769
INFO:tensorflow:IInfo: 1490237284.003459 281.000960 0.987040 7.490028
INFO:tensorflow:IInfo: 1490237317.221754 282.004480 0.989680 7.168201
INFO:tensorflow:IInfo: 1490237355.159625 283.002880 0.991300 6.929054
INFO:tensorflow:IInfo: 1490237388.814840 284.001280 0.989880 7.033294
INFO:tensorflow:IInfo: 1490237422.027999 285.004800 0.980160 8.379100
INFO:tensorflow:IInfo: 1490237459.661163 286.003200 0.992920 6.689154
INFO:tensorflow:IInfo: 1490237492.644175 287.001600 0.986380 7.458169
INFO:tensorflow:IInfo: 1490237525.742799 288.000000 0.990980 6.898612
INFO:tensorflow:IInfo: 1490237563.133648 289.003520 0.989360 7.110071
INFO:tensorflow:IInfo: 1490237596.164574 290.001920 0.990400 6.967056
INFO:tensorflow:IInfo: 1490237629.173491 291.000320 0.987860 7.313980
INFO:tensorflow:IInfo: 1490237666.139351 292.003840 0.991320 6.879466
INFO:tensorflow:IInfo: 1490237699.243958 293.002240 0.990880 6.866870
INFO:tensorflow:IInfo: 1490237732.297722 294.000640 0.992440 6.686590
INFO:tensorflow:IInfo: 1490237769.653994 295.004160 0.989300 7.023462
INFO:tensorflow:IInfo: 1490237802.699156 296.002560 0.990160 6.930115
INFO:tensorflow:IInfo: 1490237835.736654 297.000960 0.989460 6.987718
INFO:tensorflow:IInfo: 1490237873.025271 298.004480 0.990780 6.749567
INFO:tensorflow:IInfo: 1490237906.264056 299.002880 0.985860 7.497306
INFO:tensorflow:IInfo: 1490237939.647569 300.001280 0.984600 7.552816
INFO:tensorflow:IInfo: 1490237976.860499 301.004800 0.987560 7.307686
INFO:tensorflow:IInfo: 1490238009.831697 302.003200 0.989740 6.937803
INFO:tensorflow:IInfo: 1490238042.903704 303.001600 0.988800 7.021660
INFO:tensorflow:IInfo: 1490238082.265371 304.000000 0.990140 6.898717
INFO:tensorflow:IInfo: 1490238115.446064 305.003520 0.991080 6.785664
INFO:tensorflow:IInfo: 1490238148.442796 306.001920 0.989820 6.849937
INFO:tensorflow:IInfo: 1490238185.186665 307.000320 0.989300 6.869552
INFO:tensorflow:IInfo: 1490238218.378956 308.003840 0.991240 6.724301
INFO:tensorflow:IInfo: 1490238251.489195 309.002240 0.986840 7.202136
INFO:tensorflow:IInfo: 1490238288.538019 310.000640 0.988900 7.051095
INFO:tensorflow:IInfo: 1490238321.679170 311.004160 0.991340 6.720149
INFO:tensorflow:IInfo: 1490238354.674220 312.002560 0.990740 6.696536
INFO:tensorflow:IInfo: 1490238392.078960 313.000960 0.991000 6.750028
INFO:tensorflow:IInfo: 1490238425.250480 314.004480 0.990840 6.720495
INFO:tensorflow:IInfo: 1490238458.228151 315.002880 0.991200 6.625025
INFO:tensorflow:IInfo: 1490238495.183908 316.001280 0.987880 7.131846
INFO:tensorflow:IInfo: 1490238528.391398 317.004800 0.987060 7.166705
INFO:tensorflow:IInfo: 1490238561.349764 318.003200 0.990180 6.705507
INFO:tensorflow:IInfo: 1490238598.561551 319.001600 0.992860 6.400183
INFO:tensorflow:IInfo: 1490238631.533188 320.000000 0.990920 6.594564
INFO:tensorflow:IInfo: 1490238664.636471 321.003520 0.990080 6.655159
INFO:tensorflow:IInfo: 1490238701.306799 322.001920 0.990300 6.622586
INFO:tensorflow:IInfo: 1490238734.278483 323.000320 0.991120 6.624957
INFO:tensorflow:IInfo: 1490238767.463474 324.003840 0.991400 6.528697
INFO:tensorflow:IInfo: 1490238804.594255 325.002240 0.988120 7.004330
INFO:tensorflow:IInfo: 1490238837.479385 326.000640 0.993780 6.174967
INFO:tensorflow:IInfo: 1490238870.640007 327.004160 0.989260 6.789507
INFO:tensorflow:IInfo: 1490238908.735553 328.002560 0.987100 7.128710
INFO:tensorflow:IInfo: 1490238941.732053 329.000960 0.985140 7.367898
INFO:tensorflow:IInfo: 1490238974.924998 330.004480 0.992360 6.362947
INFO:tensorflow:IInfo: 1490239012.595118 331.002880 0.991920 6.425981
INFO:tensorflow:IInfo: 1490239045.635125 332.001280 0.990960 6.482948
INFO:tensorflow:IInfo: 1490239078.742573 333.004800 0.993120 6.225880
INFO:tensorflow:IInfo: 1490239115.631936 334.003200 0.988200 6.916264
INFO:tensorflow:IInfo: 1490239148.666379 335.001600 0.987820 6.875909
INFO:tensorflow:IInfo: 1490239181.604895 336.000000 0.988720 6.805262
INFO:tensorflow:IInfo: 1490239218.266599 337.003520 0.989220 6.755499
INFO:tensorflow:IInfo: 1490239251.314018 338.001920 0.991260 6.443278
INFO:tensorflow:IInfo: 1490239284.505207 339.000320 0.991320 6.422451
INFO:tensorflow:IInfo: 1490239321.429620 340.003840 0.988980 6.693273
INFO:tensorflow:IInfo: 1490239354.484801 341.002240 0.988460 6.808915
INFO:tensorflow:IInfo: 1490239387.497854 342.000640 0.987840 6.880240
INFO:tensorflow:IInfo: 1490239426.584367 343.004160 0.991880 6.380506
INFO:tensorflow:IInfo: 1490239459.598462 344.002560 0.989800 6.648134
INFO:tensorflow:IInfo: 1490239492.595630 345.000960 0.985840 7.137909
INFO:tensorflow:IInfo: 1490239529.597285 346.004480 0.988740 6.771746
INFO:tensorflow:IInfo: 1490239562.542937 347.002880 0.989640 6.641383
INFO:tensorflow:IInfo: 1490239595.569753 348.001280 0.990780 6.462260
INFO:tensorflow:IInfo: 1490239632.385944 349.004800 0.991380 6.375771
INFO:tensorflow:IInfo: 1490239665.455997 350.003200 0.993980 6.077025
INFO:tensorflow:IInfo: 1490239698.380121 351.001600 0.989580 6.584387
INFO:tensorflow:IInfo: 1490239734.781048 352.000000 0.989860 6.532229
INFO:tensorflow:IInfo: 1490239767.987767 353.003520 0.991880 6.217258
INFO:tensorflow:IInfo: 1490239801.079679 354.001920 0.993020 6.125653
INFO:tensorflow:IInfo: 1490239837.720373 355.000320 0.991120 6.382155
INFO:tensorflow:IInfo: 1490239870.926929 356.003840 0.993960 5.991855
INFO:tensorflow:IInfo: 1490239904.120743 357.002240 0.990880 6.326914
INFO:tensorflow:IInfo: 1490239940.788385 358.000640 0.993540 6.052751
INFO:tensorflow:IInfo: 1490239973.949331 359.004160 0.994780 5.846035
INFO:tensorflow:IInfo: 1490240006.975111 360.002560 0.988900 6.610474
INFO:tensorflow:IInfo: 1490240043.678424 361.000960 0.992660 6.127772
INFO:tensorflow:IInfo: 1490240077.048227 362.004480 0.993940 5.912105
INFO:tensorflow:IInfo: 1490240110.347078 363.002880 0.988640 6.607889
INFO:tensorflow:IInfo: 1490240146.897334 364.001280 0.986340 6.880579
INFO:tensorflow:IInfo: 1490240180.953711 365.004800 0.984600 7.149137
INFO:tensorflow:IInfo: 1490240215.182607 366.003200 0.989420 6.499649
INFO:tensorflow:IInfo: 1490240252.260134 367.001600 0.992440 6.115458
INFO:tensorflow:IInfo: 1490240285.485736 368.000000 0.992320 6.178932
INFO:tensorflow:IInfo: 1490240318.801594 369.003520 0.992320 6.127066
INFO:tensorflow:IInfo: 1490240355.511598 370.001920 0.988680 6.578584
INFO:tensorflow:IInfo: 1490240388.730974 371.000320 0.991300 6.261712
INFO:tensorflow:IInfo: 1490240422.128811 372.003840 0.990060 6.428290
INFO:tensorflow:IInfo: 1490240458.823824 373.002240 0.988780 6.515525
INFO:tensorflow:IInfo: 1490240491.964281 374.000640 0.992180 6.074990
INFO:tensorflow:IInfo: 1490240525.357828 375.004160 0.991640 6.180416
INFO:tensorflow:IInfo: 1490240561.982694 376.002560 0.992440 6.083779
INFO:tensorflow:IInfo: 1490240595.112175 377.000960 0.988600 6.541796
INFO:tensorflow:IInfo: 1490240628.406280 378.004480 0.992460 6.091094
INFO:tensorflow:IInfo: 1490240665.147206 379.002880 0.986960 6.755074
INFO:tensorflow:IInfo: 1490240698.386653 380.001280 0.990920 6.174829
INFO:tensorflow:IInfo: 1490240731.776277 381.004800 0.989820 6.400419
INFO:tensorflow:IInfo: 1490240767.660508 382.003200 0.991880 6.077444
INFO:tensorflow:IInfo: 1490240800.812057 383.001600 0.992200 6.107652
INFO:tensorflow:IInfo: 1490240833.955427 384.000000 0.994800 5.722359
INFO:tensorflow:IInfo: 1490240870.734040 385.003520 0.992560 6.003731
INFO:tensorflow:IInfo: 1490240904.001393 386.001920 0.993140 5.853457
INFO:tensorflow:IInfo: 1490240937.238286 387.000320 0.989280 6.438182
INFO:tensorflow:IInfo: 1490240973.895989 388.003840 0.988560 6.464794
INFO:tensorflow:IInfo: 1490241007.073890 389.002240 0.991020 6.134939
INFO:tensorflow:IInfo: 1490241040.277637 390.000640 0.992740 5.996878
INFO:tensorflow:IInfo: 1490241076.960053 391.004160 0.985680 6.843184
INFO:tensorflow:IInfo: 1490241110.188505 392.002560 0.990220 6.294812
INFO:tensorflow:IInfo: 1490241143.406227 393.000960 0.991760 6.054431
INFO:tensorflow:IInfo: 1490241180.067039 394.004480 0.991240 6.121193
INFO:tensorflow:IInfo: 1490241213.177286 395.002880 0.991340 6.175129
INFO:tensorflow:IInfo: 1490241246.320914 396.001280 0.993240 5.880149
INFO:tensorflow:IInfo: 1490241282.422824 397.004800 0.994660 5.665002
INFO:tensorflow:IInfo: 1490241315.539346 398.003200 0.990740 6.182153
INFO:tensorflow:IInfo: 1490241349.278542 399.001600 0.993880 5.811664