INFO:tensorflow:R: 1490807021.692674 1975.028945 0.000000
INFO:tensorflow:R: 1490807044.393708 201.231012 0.604160
INFO:tensorflow:R: 1490807162.519001 121.768514 3.599360
INFO:tensorflow:R: 1490807275.100117 113.287145 6.594560
INFO:tensorflow:R: 1490807387.771067 119.571480 9.589760
INFO:tensorflow:R: 1490807500.865567 106.343109 12.584960
INFO:tensorflow:R: 1490807618.799314 91.011350 15.580160
INFO:tensorflow:R: 1490807731.272092 78.201266 18.575360
INFO:tensorflow:R: 1490807843.786792 110.489486 21.570560
INFO:tensorflow:R: 1490807956.715160 90.152474 24.565760
INFO:tensorflow:R: 1490808073.981079 94.520659 27.560960
INFO:tensorflow:R: 1490808191.814535 95.999039 30.556160
INFO:tensorflow:R: 1490808304.691794 97.350878 33.551360
INFO:tensorflow:R: 1490808416.555406 123.384617 36.546560
INFO:tensorflow:R: 1490808529.027175 100.897647 39.541760
INFO:tensorflow:R: 1490808646.043066 108.163692 42.536960
INFO:tensorflow:R: 1490808764.616784 125.836266 45.532160
INFO:tensorflow:R: 1490808877.188618 97.576341 48.527360
INFO:tensorflow:R: 1490808990.014410 109.491343 51.522560
INFO:tensorflow:R: 1490809102.714351 91.710834 54.517760
INFO:tensorflow:R: 1490809223.559439 120.068486 57.512960
INFO:tensorflow:R: 1490809335.516217 108.709116 60.508160
INFO:tensorflow:R: 1490809447.522557 113.432378 63.503360
INFO:tensorflow:R: 1490809560.088628 147.369604 66.498560
INFO:tensorflow:R: 1490809673.106146 113.420062 69.493760
INFO:tensorflow:R: 1490809785.239740 110.657929 72.488960
INFO:tensorflow:R: 1490809897.853183 96.962994 75.484160
INFO:tensorflow:R: 1490810010.135441 107.761254 78.479360
INFO:tensorflow:R: 1490810128.427945 127.931893 81.474560
INFO:tensorflow:R: 1490810240.287214 127.079637 84.469760
INFO:tensorflow:R: 1490810352.945137 136.735650 87.464960
INFO:tensorflow:R: 1490810464.977769 108.239031 90.460160
INFO:tensorflow:R: 1490810576.377005 92.086365 93.455360
INFO:tensorflow:R: 1490810696.946062 139.293227 96.450560
INFO:tensorflow:R: 1490810809.333534 132.662672 99.445760
INFO:tensorflow:R: 1490810921.813512 90.072903 102.440960
INFO:tensorflow:R: 1490811033.948292 113.750482 105.436160
INFO:tensorflow:R: 1490811146.057183 139.823030 108.431360
INFO:tensorflow:R: 1490811258.343663 119.042293 111.426560
INFO:tensorflow:R: 1490811377.887131 112.934645 114.421760
INFO:tensorflow:R: 1490811489.695700 95.328536 117.416960
ubuntu@ip-172-31-10-127:~$ more inception_shared/gradient_interference_resnet_cifar100_workers\=4_ratio/out_master | grep "IInfo:"
INFO:tensorflow:IInfo: 1490807021.501848 0.000000 0.009900 246.149102
INFO:tensorflow:IInfo: 1490807063.193491 1.003520 0.284280 149.597711
INFO:tensorflow:IInfo: 1490807099.253083 2.001920 0.346980 135.618919
INFO:tensorflow:IInfo: 1490807135.836829 3.000320 0.394600 125.197402
INFO:tensorflow:IInfo: 1490807181.512809 4.003840 0.426940 117.691637
INFO:tensorflow:IInfo: 1490807217.501191 5.002240 0.435400 115.407528
INFO:tensorflow:IInfo: 1490807253.356212 6.000640 0.470080 108.453288
INFO:tensorflow:IInfo: 1490807294.325371 7.004160 0.488640 104.977166
INFO:tensorflow:IInfo: 1490807330.222643 8.002560 0.519400 99.467126
INFO:tensorflow:IInfo: 1490807366.270963 9.000960 0.536020 96.229753
INFO:tensorflow:IInfo: 1490807407.312386 10.004480 0.542720 95.372741
INFO:tensorflow:IInfo: 1490807443.388547 11.002880 0.559560 91.931909
INFO:tensorflow:IInfo: 1490807479.377249 12.001280 0.573220 89.567757
INFO:tensorflow:IInfo: 1490807520.572944 13.004800 0.580660 88.134132
INFO:tensorflow:IInfo: 1490807556.612415 14.003200 0.603180 84.553264
INFO:tensorflow:IInfo: 1490807592.835284 15.001600 0.600580 85.293758
INFO:tensorflow:IInfo: 1490807638.243698 16.000000 0.600420 85.011322
INFO:tensorflow:IInfo: 1490807674.417997 17.003520 0.624820 81.004022
INFO:tensorflow:IInfo: 1490807710.291007 18.001920 0.632100 79.699645
INFO:tensorflow:IInfo: 1490807750.639510 19.000320 0.631040 79.639439
INFO:tensorflow:IInfo: 1490807786.792625 20.003840 0.640180 78.368536
INFO:tensorflow:IInfo: 1490807823.007321 21.002240 0.639300 77.827776
INFO:tensorflow:IInfo: 1490807863.725628 22.000640 0.648620 76.405961
INFO:tensorflow:IInfo: 1490807899.823117 23.004160 0.662440 74.246313
INFO:tensorflow:IInfo: 1490807935.931599 24.002560 0.665940 73.709929
INFO:tensorflow:IInfo: 1490807976.834767 25.000960 0.673120 72.645514
INFO:tensorflow:IInfo: 1490808013.277099 26.004480 0.668580 73.854671
INFO:tensorflow:IInfo: 1490808049.319252 27.002880 0.682100 71.402329
INFO:tensorflow:IInfo: 1490808094.152991 28.001280 0.682760 71.279855
INFO:tensorflow:IInfo: 1490808130.570932 29.004800 0.691780 69.993702
INFO:tensorflow:IInfo: 1490808166.758421 30.003200 0.681520 71.443905
INFO:tensorflow:IInfo: 1490808212.366861 31.001600 0.695240 69.542456
INFO:tensorflow:IInfo: 1490808248.284437 32.000000 0.687140 70.783310
INFO:tensorflow:IInfo: 1490808284.498448 33.003520 0.702580 68.369725
INFO:tensorflow:IInfo: 1490808324.713132 34.001920 0.696300 69.471098
INFO:tensorflow:IInfo: 1490808360.441873 35.000320 0.710020 67.189004
INFO:tensorflow:IInfo: 1490808396.604485 36.003840 0.718180 65.573067
INFO:tensorflow:IInfo: 1490808437.398548 37.002240 0.699100 69.212704
INFO:tensorflow:IInfo: 1490808473.355450 38.000640 0.715740 66.653736
INFO:tensorflow:IInfo: 1490808509.337665 39.004160 0.719380 65.971957
INFO:tensorflow:IInfo: 1490808550.220778 40.002560 0.732820 63.874056
INFO:tensorflow:IInfo: 1490808586.234355 41.000960 0.724540 64.981493
INFO:tensorflow:IInfo: 1490808622.487575 42.004480 0.727840 64.294922
INFO:tensorflow:IInfo: 1490808667.799048 43.002880 0.732100 64.126824
INFO:tensorflow:IInfo: 1490808703.803441 44.001280 0.726380 65.125268
INFO:tensorflow:IInfo: 1490808740.518131 45.004800 0.730400 64.632615
INFO:tensorflow:IInfo: 1490808786.006959 46.003200 0.731060 64.469239
INFO:tensorflow:IInfo: 1490808821.685987 47.001600 0.737640 63.853483
INFO:tensorflow:IInfo: 1490808857.839440 48.000000 0.735640 63.998784
INFO:tensorflow:IInfo: 1490808898.848641 49.003520 0.738360 63.249728
INFO:tensorflow:IInfo: 1490808934.792043 50.001920 0.748040 62.005705
INFO:tensorflow:IInfo: 1490808970.736323 51.000320 0.743100 62.649101
INFO:tensorflow:IInfo: 1490809011.714263 52.003840 0.746200 62.413736
INFO:tensorflow:IInfo: 1490809047.594874 53.002240 0.742380 62.740054
INFO:tensorflow:IInfo: 1490809083.613476 54.000640 0.740260 63.459420
INFO:tensorflow:IInfo: 1490809125.264463 55.004160 0.737060 64.030192
INFO:tensorflow:IInfo: 1490809162.264031 56.002560 0.751460 61.741980
INFO:tensorflow:IInfo: 1490809199.310317 57.000960 0.750420 61.717298
INFO:tensorflow:IInfo: 1490809245.593287 58.004480 0.756260 61.369330
INFO:tensorflow:IInfo: 1490809281.345295 59.002880 0.749860 61.643555
INFO:tensorflow:IInfo: 1490809317.041112 60.001280 0.762880 59.881632
INFO:tensorflow:IInfo: 1490809357.230514 61.004800 0.756980 60.921805
INFO:tensorflow:IInfo: 1490809393.301312 62.003200 0.766260 59.882505
INFO:tensorflow:IInfo: 1490809429.155757 63.001600 0.757180 61.050249
INFO:tensorflow:IInfo: 1490809469.701332 64.000000 0.760480 61.030953
INFO:tensorflow:IInfo: 1490809505.714007 65.003520 0.753060 61.976116
INFO:tensorflow:IInfo: 1490809541.738717 66.001920 0.762960 60.254510
INFO:tensorflow:IInfo: 1490809582.518593 67.000320 0.759360 61.130356
INFO:tensorflow:IInfo: 1490809618.651318 68.003840 0.769260 59.487768
INFO:tensorflow:IInfo: 1490809654.753868 69.002240 0.768620 59.526810
INFO:tensorflow:IInfo: 1490809695.591884 70.000640 0.778380 58.281258
INFO:tensorflow:IInfo: 1490809731.557583 71.004160 0.770160 59.515897
INFO:tensorflow:IInfo: 1490809767.411348 72.002560 0.774880 59.037256
INFO:tensorflow:IInfo: 1490809807.944640 73.000960 0.779380 57.898414
INFO:tensorflow:IInfo: 1490809844.019857 74.004480 0.780060 58.068603
INFO:tensorflow:IInfo: 1490809880.103702 75.002880 0.779880 58.567201
INFO:tensorflow:IInfo: 1490809920.838646 76.001280 0.780380 58.176348
INFO:tensorflow:IInfo: 1490809956.769991 77.004800 0.785280 57.248589
INFO:tensorflow:IInfo: 1490809992.544488 78.003200 0.780120 58.329655
INFO:tensorflow:IInfo: 1490810033.479474 79.001600 0.778500 58.413586
INFO:tensorflow:IInfo: 1490810069.639788 80.000000 0.767480 60.495444
INFO:tensorflow:IInfo: 1490810106.061283 81.003520 0.776960 59.057468
INFO:tensorflow:IInfo: 1490810151.015457 82.001920 0.781760 58.229518
INFO:tensorflow:IInfo: 1490810187.101785 83.000320 0.777220 58.576783
INFO:tensorflow:IInfo: 1490810223.150387 84.003840 0.784440 57.604479
INFO:tensorflow:IInfo: 1490810263.687660 85.002240 0.773700 59.679627
INFO:tensorflow:IInfo: 1490810299.706690 86.000640 0.800000 55.657521
INFO:tensorflow:IInfo: 1490810336.007559 87.004160 0.790980 57.014236
INFO:tensorflow:IInfo: 1490810376.531435 88.002560 0.795360 56.151194
INFO:tensorflow:IInfo: 1490810412.293785 89.000960 0.790700 57.027514
INFO:tensorflow:IInfo: 1490810448.275910 90.004480 0.798120 55.863214
INFO:tensorflow:IInfo: 1490810488.014044 91.002880 0.797040 55.893183
INFO:tensorflow:IInfo: 1490810523.869354 92.001280 0.788920 57.215655
INFO:tensorflow:IInfo: 1490810559.804456 93.004800 0.790860 56.719116
INFO:tensorflow:IInfo: 1490810601.133746 94.003200 0.779540 58.764238
INFO:tensorflow:IInfo: 1490810638.167644 95.001600 0.795740 56.458933
INFO:tensorflow:IInfo: 1490810675.086413 96.000000 0.803040 55.276851
INFO:tensorflow:IInfo: 1490810721.232315 97.003520 0.782980 58.118244
INFO:tensorflow:IInfo: 1490810757.087116 98.001920 0.810380 54.493488
INFO:tensorflow:IInfo: 1490810793.032625 99.000320 0.801800 55.702101
INFO:tensorflow:IInfo: 1490810833.922354 100.003840 0.798120 55.868131
INFO:tensorflow:IInfo: 1490810869.879301 101.002240 0.797360 56.209474
INFO:tensorflow:IInfo: 1490810905.552533 102.000640 0.795440 56.300101
INFO:tensorflow:IInfo: 1490810946.339000 103.004160 0.804200 55.075507
INFO:tensorflow:IInfo: 1490810982.251361 104.002560 0.807160 54.951828
INFO:tensorflow:IInfo: 1490811017.953029 105.000960 0.800760 55.768905
INFO:tensorflow:IInfo: 1490811058.745769 106.004480 0.793880 56.971872
INFO:tensorflow:IInfo: 1490811094.406890 107.002880 0.804880 55.391288
INFO:tensorflow:IInfo: 1490811130.281597 108.001280 0.790160 57.290281
INFO:tensorflow:IInfo: 1490811170.888360 109.004800 0.808020 54.469755
INFO:tensorflow:IInfo: 1490811206.651863 110.003200 0.786260 57.929474
INFO:tensorflow:IInfo: 1490811242.449703 111.001600 0.797820 56.115144
INFO:tensorflow:IInfo: 1490811283.392457 112.000000 0.795080 57.110602
INFO:tensorflow:IInfo: 1490811320.709482 113.003520 0.806700 54.751691
INFO:tensorflow:IInfo: 1490811357.683221 114.001920 0.803280 55.715592
INFO:tensorflow:IInfo: 1490811402.905547 115.000320 0.779560 59.083768
INFO:tensorflow:IInfo: 1490811438.771544 116.003840 0.810920 54.563011
INFO:tensorflow:IInfo: 1490811474.308313 117.002240 0.812860 54.105351
INFO:tensorflow:IInfo: 1490811514.859064 118.000640 0.812920 54.171316
INFO:tensorflow:IInfo: 1490811550.674329 119.004160 0.801220 55.738898
INFO:tensorflow:IInfo: 1490811586.527325 120.002560 0.806720 55.310153