IInfo: 1492890223.949026 0.000000 0.099100 230265.014160

IInfo: 1492890268.680820 1.000960 0.588400 117066.184448

IInfo: 1492890312.753052 2.000640 0.711720 82572.935486

IInfo: 1492890356.843472 3.000320 0.774440 64653.557465

IInfo: 1492890400.955262 4.000000 0.843420 44458.969940

IInfo: 1492890445.135310 5.000960 0.911100 27154.059891

IInfo: 1492890489.337517 6.000640 0.930500 19561.383163

IInfo: 1492890533.456587 7.000320 0.968480 9401.087467

IInfo: 1492890577.624115 8.000000 0.984780 5054.156646

IInfo: 1492890621.866702 9.000960 0.987040 4045.163300

IInfo: 1492890666.194431 10.000640 0.996080 1423.895196

