IInfo: 1492896818.198809 0.000000 0.099100 115132.507812

IInfo: 1492896849.995868 1.000000 0.501860 74542.749756

IInfo: 1492896881.751297 2.000000 0.580900 62732.989014

IInfo: 1492896913.510709 3.000000 0.659000 52173.787476

IInfo: 1492896945.288798 4.000000 0.698740 46045.330078

IInfo: 1492896977.129367 5.000000 0.750660 38765.250549

IInfo: 1492897008.837049 6.000000 0.772220 34999.678467

IInfo: 1492897040.665287 7.000000 0.751900 37420.393738

IInfo: 1492897072.406543 8.000000 0.804400 30625.284668

IInfo: 1492897104.130186 9.000000 0.833800 26412.092407

IInfo: 1492897135.845601 10.000000 0.839340 24645.688934

IInfo: 1492897167.540441 11.000000 0.864580 22180.481384

IInfo: 1492897199.243001 12.000000 0.882220 19059.611938

IInfo: 1492897231.031390 13.000000 0.884600 18506.126389

IInfo: 1492897262.795242 14.000000 0.892440 17113.374512

IInfo: 1492897294.632202 15.000000 0.908720 15046.748367

IInfo: 1492897326.384670 16.000000 0.918960 13136.304871

IInfo: 1492897358.185827 17.000000 0.928160 11867.536484

IInfo: 1492897389.951836 18.000000 0.924080 11951.765999

IInfo: 1492897421.712799 19.000000 0.940360 9598.280502

IInfo: 1492897453.420274 20.000000 0.936500 9957.899521

IInfo: 1492897485.161651 21.000000 0.955640 7326.945847

IInfo: 1492897516.840830 22.000000 0.967620 5779.254143

IInfo: 1492897548.623140 23.000000 0.957160 6930.844528

IInfo: 1492897580.383030 24.000000 0.963200 5884.713749

IInfo: 1492897612.145259 25.000000 0.974180 4286.328781

IInfo: 1492897643.909352 26.000000 0.981080 3358.695234

IInfo: 1492897675.651824 27.000000 0.972500 4273.626240

IInfo: 1492897707.426500 28.000000 0.984160 2718.540682

IInfo: 1492897739.253675 29.000000 0.980540 3184.190985

IInfo: 1492897771.027916 30.000000 0.986880 2194.807343

IInfo: 1492897802.895303 31.000000 0.980220 3034.916067

IInfo: 1492897834.635455 32.000000 0.985940 2244.001698

IInfo: 1492897866.438871 33.000000 0.985640 2275.718636

IInfo: 1492897898.161708 34.000000 0.985720 2201.882967

IInfo: 1492897929.973265 35.000000 0.991120 1409.307606

IInfo: 1492897961.741442 36.000000 0.991480 1471.753901

IInfo: 1492897993.491798 37.000000 0.994460 983.343724

IInfo: 1492898025.228121 38.000000 0.996160 719.954017

