IInfo: 1492977619.511180 0.000000 0.099100 115132.506592

IInfo: 1492977646.564083 1.000960 0.503680 75785.731445

IInfo: 1492977673.455347 2.000640 0.615660 60529.469604

IInfo: 1492977700.356888 3.000320 0.650740 52801.077148

IInfo: 1492977727.283105 4.000000 0.696240 45352.477844

IInfo: 1492977754.243202 5.000960 0.756000 38049.640320

IInfo: 1492977781.173948 6.000640 0.763500 36871.804565

IInfo: 1492977808.118821 7.000320 0.802740 30601.622009

IInfo: 1492977835.094699 8.000000 0.814500 28151.015656

IInfo: 1492977862.066051 9.000960 0.840600 25425.862793

IInfo: 1492977888.980877 10.000640 0.860720 22208.782013

IInfo: 1492977915.905173 11.000320 0.867800 20482.290070

IInfo: 1492977942.894071 12.000000 0.878760 19851.608795

IInfo: 1492977969.836760 13.000960 0.895100 16657.206085

IInfo: 1492977996.808687 14.000640 0.898020 16190.431030

IInfo: 1492978023.707833 15.000320 0.911960 13898.139938

IInfo: 1492978050.594310 16.000000 0.917000 13067.831345

IInfo: 1492978077.567432 17.000960 0.939940 10230.042007

IInfo: 1492978104.517382 18.000640 0.945480 9448.764740

IInfo: 1492978131.423181 19.000320 0.949560 8406.124023

IInfo: 1492978158.323669 20.000000 0.954000 7449.995506

IInfo: 1492978185.277288 21.000960 0.958360 6808.236717

IInfo: 1492978212.202134 22.000640 0.971620 5160.055759

IInfo: 1492978239.158042 23.000320 0.970080 5208.261642

IInfo: 1492978266.118203 24.000000 0.956480 6570.001648

IInfo: 1492978293.058292 25.000960 0.974920 4154.003017

IInfo: 1492978319.957526 26.000640 0.976700 3712.601791

IInfo: 1492978346.864211 27.000320 0.981000 3035.139202

IInfo: 1492978373.808897 28.000000 0.984680 2559.734875

IInfo: 1492978400.704785 29.000960 0.987720 2085.921309

IInfo: 1492978427.647060 30.000640 0.982040 2915.860449

IInfo: 1492978454.588229 31.000320 0.984340 2297.336683

IInfo: 1492978481.505078 32.000000 0.985560 2277.069897

IInfo: 1492978508.454731 33.000960 0.985180 2385.190557

IInfo: 1492978535.391905 34.000640 0.993880 1073.845040

IInfo: 1492978562.317337 35.000320 0.992120 1237.963634

IInfo: 1492978589.235488 36.000000 0.993760 1058.097879

IInfo: 1492978616.234319 37.000960 0.994380 978.435420

IInfo: 1492978643.210951 38.000640 0.989460 1587.272958

IInfo: 1492978670.123133 39.000320 0.994680 915.033972

IInfo: 1492978697.053913 40.000000 0.996100 652.386425

IInfo: 1492978723.987874 41.000960 0.995120 818.601999

