IInfo: 1492953349.869614 0.000000 0.099100 115132.507324

IInfo: 1492953377.226673 1.000320 0.588240 58963.500854

IInfo: 1492953404.404900 2.000000 0.692120 45546.143677

IInfo: 1492953431.582288 3.000320 0.750980 35526.158630

IInfo: 1492953458.779656 4.000000 0.798440 28965.018311

IInfo: 1492953486.010258 5.000320 0.811340 26238.840240

IInfo: 1492953513.184996 6.000000 0.847820 21142.543274

IInfo: 1492953540.407482 7.000320 0.856920 19758.547562

IInfo: 1492953567.624422 8.000000 0.883020 16407.673920

IInfo: 1492953594.834174 9.000320 0.892340 15125.219589

IInfo: 1492953622.056894 10.000000 0.935380 9365.926296

IInfo: 1492953649.239456 11.000320 0.917540 12055.400330

IInfo: 1492953676.416630 12.000000 0.936680 9228.534927

IInfo: 1492953703.562329 13.000320 0.932340 9947.715736

IInfo: 1492953730.725066 14.000000 0.955900 6409.754707

IInfo: 1492953757.926916 15.000320 0.969180 4569.914425

IInfo: 1492953785.109921 16.000000 0.959960 5738.209221

IInfo: 1492953812.288179 17.000320 0.959180 6119.274723

IInfo: 1492953839.434011 18.000000 0.977480 3268.967747

IInfo: 1492953866.641108 19.000320 0.976400 3488.776897

IInfo: 1492953893.819128 20.000000 0.979600 3010.605507

IInfo: 1492953921.014794 21.000320 0.976320 3544.441492

IInfo: 1492953948.218623 22.000000 0.984700 2408.693802

IInfo: 1492953975.498438 23.000320 0.988140 1766.164286

IInfo: 1492954002.581671 24.000000 0.992460 1217.877056

IInfo: 1492954029.725893 25.000320 0.991700 1244.567651

IInfo: 1492954056.807402 26.000000 0.990900 1318.291654

IInfo: 1492954083.953447 27.000320 0.985800 2376.303937

IInfo: 1492954110.987798 28.000000 0.986400 2155.605146

IInfo: 1492954138.051749 29.000320 0.978720 3324.375006

IInfo: 1492954165.143001 30.000000 0.994600 859.981014

IInfo: 1492954192.216432 31.000320 0.984200 2483.554619

IInfo: 1492954219.301870 32.000000 0.994680 808.060007

IInfo: 1492954246.325155 33.000320 0.991300 1275.446193

IInfo: 1492954273.425239 34.000000 0.993640 910.468112

IInfo: 1492954300.540120 35.000320 0.987180 2118.100852

IInfo: 1492954327.658518 36.000000 0.992460 1094.549384

IInfo: 1492954354.725333 37.000320 0.992580 1134.811800

IInfo: 1492954381.785631 38.000000 0.992940 1101.576100

IInfo: 1492954408.838125 39.000320 0.991660 1375.014700

IInfo: 1492954435.910878 40.000000 0.993660 938.850916

IInfo: 1492954463.008150 41.000320 0.994560 854.758443

IInfo: 1492954490.069235 42.000000 0.996560 563.868978

