IInfo: 1492951911.028590 0.000000 0.099100 115132.506836

IInfo: 1492951933.052069 1.000320 0.531600 64030.649536

IInfo: 1492951955.022141 2.000000 0.659400 48858.584839

IInfo: 1492951977.025702 3.000320 0.713060 41111.170227

IInfo: 1492951998.971845 4.000000 0.759400 34599.036499

IInfo: 1492952020.963134 5.000320 0.777800 31326.425690

IInfo: 1492952042.930002 6.000000 0.794740 28855.924072

IInfo: 1492952064.941218 7.000320 0.808360 27177.931396

IInfo: 1492952086.922779 8.000000 0.844640 22070.093277

IInfo: 1492952108.940789 9.000320 0.869480 18707.592712

IInfo: 1492952130.900328 10.000000 0.862500 20415.200516

IInfo: 1492952152.896242 11.000320 0.894840 15445.716118

IInfo: 1492952174.853756 12.000000 0.899900 15501.801125

IInfo: 1492952196.809808 13.000320 0.917580 12157.451111

IInfo: 1492952218.797272 14.000000 0.932980 10200.243221

IInfo: 1492952240.783026 15.000320 0.919560 12514.678009

IInfo: 1492952262.766764 16.000000 0.952260 7193.140224

IInfo: 1492952284.755395 17.000320 0.940440 9393.225548

IInfo: 1492952306.761617 18.000000 0.966760 4669.424118

IInfo: 1492952328.755376 19.000320 0.975220 3569.917503

IInfo: 1492952350.758325 20.000000 0.977240 3362.131260

IInfo: 1492952372.755541 21.000320 0.973660 3946.757644

IInfo: 1492952394.722221 22.000000 0.980280 2902.214016

IInfo: 1492952416.778196 23.000320 0.982780 2554.362860

IInfo: 1492952438.751443 24.000000 0.983820 2337.623598

IInfo: 1492952460.726337 25.000320 0.938380 11599.951874

IInfo: 1492952482.709706 26.000000 0.979220 3011.106846

IInfo: 1492952504.724742 27.000320 0.986980 1876.315998

IInfo: 1492952526.742862 28.000000 0.989020 1610.342513

IInfo: 1492952548.769758 29.000320 0.987800 1829.765958

IInfo: 1492952570.732721 30.000000 0.987340 1964.320876

IInfo: 1492952592.699545 31.000320 0.992920 1062.914136

IInfo: 1492952614.682015 32.000000 0.994000 887.102299

IInfo: 1492952636.652053 33.000320 0.997060 441.382945

