IInfo: 1492898801.282299 0.000000 0.099100 230265.014160

IInfo: 1492898851.821620 1.000000 0.706560 82298.371704

IInfo: 1492898902.234517 2.000000 0.814480 52895.594269

IInfo: 1492898952.798330 3.000000 0.886960 32551.778023

IInfo: 1492899003.264514 4.000000 0.926040 20936.784874

IInfo: 1492899053.757906 5.000000 0.952400 13985.278408

IInfo: 1492899104.185764 6.000000 0.967960 9379.143314

IInfo: 1492899154.695488 7.000000 0.961800 11111.994940

IInfo: 1492899205.238798 8.000000 0.981460 5527.037848

IInfo: 1492899255.722038 9.000000 0.981780 5471.020875

IInfo: 1492899306.222279 10.000000 0.982460 5256.111354

IInfo: 1492899356.822423 11.000000 0.987400 3859.571386

IInfo: 1492899407.412621 12.000000 0.991620 2686.649225

IInfo: 1492899457.997370 13.000000 0.991860 2470.131953

IInfo: 1492899508.475290 14.000000 0.994780 1643.487261

IInfo: 1492899559.032680 15.000000 0.990680 3101.589218

IInfo: 1492899609.553477 16.000000 0.985080 4886.955436

IInfo: 1492899660.075073 17.000000 0.992840 2201.813838

IInfo: 1492899710.594094 18.000000 0.995820 1239.293329

