IInfo: 1492960519.118423 0.000000 0.099100 115132.506592

IInfo: 1492960540.530681 1.003520 0.264500 102282.181641

IInfo: 1492960561.436483 2.007040 0.347020 89541.157349

IInfo: 1492960582.126046 3.000320 0.415420 81345.717285

IInfo: 1492960603.049246 4.003840 0.453500 75700.087524

IInfo: 1492960623.944027 5.007360 0.451340 76572.176514

IInfo: 1492960644.681266 6.000640 0.497360 69213.496460

IInfo: 1492960665.633157 7.004160 0.533280 64900.024658

IInfo: 1492960686.602500 8.007680 0.529180 65236.258301

IInfo: 1492960707.368111 9.000960 0.544620 63489.541626

IInfo: 1492960728.346500 10.004480 0.549040 62751.759521

IInfo: 1492960749.330686 11.008000 0.595640 56495.032715

IInfo: 1492960770.095984 12.001280 0.600580 57336.750610

IInfo: 1492960791.084284 13.004800 0.631440 52170.742615

IInfo: 1492960812.083313 14.008320 0.644900 49929.697388

IInfo: 1492960832.847879 15.001600 0.639580 51745.659485

IInfo: 1492960853.836177 16.005120 0.668620 46928.832764

IInfo: 1492960874.812800 17.008640 0.683600 44757.056458

IInfo: 1492960895.566522 18.001920 0.677320 46199.324280

IInfo: 1492960916.548402 19.005440 0.687900 44504.665039

IInfo: 1492960937.534579 20.008960 0.700800 42332.746765

IInfo: 1492960958.298118 21.002240 0.713360 40768.994019

IInfo: 1492960979.263590 22.005760 0.718220 40848.342285

IInfo: 1492961000.269737 23.009280 0.727780 38498.164062

IInfo: 1492961021.038610 24.002560 0.747200 36735.148560

IInfo: 1492961042.010011 25.006080 0.765500 34488.872498

IInfo: 1492961062.970346 26.009600 0.763560 34231.317078

IInfo: 1492961083.717773 27.002880 0.779300 32315.195679

IInfo: 1492961104.687956 28.006400 0.790480 31080.940063

IInfo: 1492961125.641678 29.009920 0.774240 32450.097595

IInfo: 1492961146.378459 30.003200 0.805880 28719.132446

IInfo: 1492961167.347933 31.006720 0.783080 31385.545654

IInfo: 1492961188.104527 32.000000 0.817640 26986.588776

IInfo: 1492961209.082205 33.003520 0.808140 27937.035919

IInfo: 1492961230.038440 34.007040 0.824120 25906.750519

IInfo: 1492961250.795685 35.000320 0.816420 26504.471069

IInfo: 1492961271.758774 36.003840 0.821920 25601.319336

IInfo: 1492961292.708542 37.007360 0.847660 22792.662445

IInfo: 1492961313.457776 38.000640 0.818320 25857.121704

IInfo: 1492961334.417799 39.004160 0.827160 24455.812195

IInfo: 1492961355.361954 40.007680 0.835840 23733.356049

IInfo: 1492961376.107769 41.000960 0.838680 22858.689789

IInfo: 1492961397.063579 42.004480 0.850280 21196.887115

IInfo: 1492961418.017864 43.008000 0.866440 19672.576782

IInfo: 1492961438.763988 44.001280 0.815000 25219.077148

IInfo: 1492961459.724438 45.004800 0.875780 18205.557220

IInfo: 1492961480.681994 46.008320 0.873160 18362.845367

IInfo: 1492961501.421340 47.001600 0.875200 17698.762360

IInfo: 1492961522.382093 48.005120 0.865740 18589.574402

IInfo: 1492961543.345994 49.008640 0.895120 15512.746674

IInfo: 1492961564.086104 50.001920 0.910600 13665.301636

IInfo: 1492961585.050325 51.005440 0.910760 13413.746078

IInfo: 1492961606.011061 52.008960 0.936740 10750.247360

IInfo: 1492961626.765630 53.002240 0.928900 11183.566086

IInfo: 1492961647.720325 54.005760 0.928180 11246.411636

IInfo: 1492961668.684259 55.009280 0.940560 10587.763062

IInfo: 1492961689.432702 56.002560 0.931360 10723.475357

IInfo: 1492961710.391901 57.006080 0.926020 10520.862717

IInfo: 1492961731.345228 58.009600 0.872160 20084.814667

IInfo: 1492961752.082978 59.002880 0.962460 6695.179688

IInfo: 1492961773.032357 60.006400 0.968060 6043.347969

IInfo: 1492961793.994102 61.009920 0.958620 6525.011940

IInfo: 1492961814.745929 62.003200 0.942700 9806.238037

IInfo: 1492961835.694732 63.006720 0.965860 5947.251938

IInfo: 1492961856.412668 64.000000 0.972940 5038.216751

IInfo: 1492961877.370413 65.003520 0.985600 3521.656857

IInfo: 1492961898.323343 66.007040 0.983960 3863.054886

IInfo: 1492961919.072512 67.000320 0.986740 3113.435432

IInfo: 1492961940.016786 68.003840 0.977440 4806.740788

IInfo: 1492961960.983524 69.007360 0.985840 3258.758148

IInfo: 1492961981.744598 70.000640 0.991220 2541.759132

IInfo: 1492962002.712073 71.004160 0.991160 2698.483547

IInfo: 1492962023.711747 72.007680 0.993420 2028.381794

IInfo: 1492962044.478514 73.000960 0.992960 2489.740078

IInfo: 1492962065.437188 74.004480 0.995920 1675.248381

IInfo: 1492962086.386170 75.008000 0.996580 1431.071265

IInfo: 1492962107.128884 76.001280 0.997820 1154.431754

