IInfo: 1492966423.287542 0.000000 0.099100 230265.015137

IInfo: 1492966465.982332 1.003520 0.348080 178663.044189

IInfo: 1492966507.734888 2.001920 0.424500 157345.108398

IInfo: 1492966549.478873 3.000320 0.507420 136236.608765

IInfo: 1492966591.432672 4.003840 0.516560 131844.415649

IInfo: 1492966633.181231 5.002240 0.533560 129542.354492

IInfo: 1492966674.915982 6.000640 0.606520 109433.158447

IInfo: 1492966716.863342 7.004160 0.592240 112272.475708

IInfo: 1492966758.599788 8.002560 0.609300 109781.645203

IInfo: 1492966800.313765 9.000960 0.672360 91963.873413

IInfo: 1492966842.272395 10.004480 0.692420 87287.978394

IInfo: 1492966884.012864 11.002880 0.692840 86847.593689

IInfo: 1492966925.761860 12.001280 0.726980 77110.320068

IInfo: 1492966967.690766 13.004800 0.753640 70363.807068

IInfo: 1492967009.409678 14.003200 0.756800 68636.840271

IInfo: 1492967051.148251 15.001600 0.778540 63566.429260

IInfo: 1492967092.873602 16.000000 0.784340 61487.954224

IInfo: 1492967134.827786 17.003520 0.803380 55683.520386

IInfo: 1492967176.543656 18.001920 0.818620 51876.968262

IInfo: 1492967218.270679 19.000320 0.804580 54579.589752

IInfo: 1492967260.205384 20.003840 0.865140 40142.471344

IInfo: 1492967301.936142 21.002240 0.869260 38498.542542

IInfo: 1492967343.675781 22.000640 0.877480 35842.945953

IInfo: 1492967385.619423 23.004160 0.879860 34589.199249

IInfo: 1492967427.356243 24.002560 0.915500 26602.241608

IInfo: 1492967469.092736 25.000960 0.879200 34336.850830

IInfo: 1492967511.032986 26.004480 0.917140 24893.010437

IInfo: 1492967552.744328 27.002880 0.927240 22211.365784

IInfo: 1492967594.458189 28.001280 0.957520 15547.242874

IInfo: 1492967636.387183 29.004800 0.946320 16891.141426

IInfo: 1492967678.093805 30.003200 0.973160 10835.075668

IInfo: 1492967719.808709 31.001600 0.976560 10516.362541

IInfo: 1492967761.531901 32.000000 0.980260 8328.487457

IInfo: 1492967803.457436 33.003520 0.985980 8070.313904

IInfo: 1492967845.180406 34.001920 0.994380 4461.116840

IInfo: 1492967886.910748 35.000320 0.996540 3321.157230

