IInfo: 1492979523.986379 0.000000 0.099100 230265.017090

IInfo: 1492979568.972315 1.000320 0.593140 116363.045532

IInfo: 1492979613.772489 2.000000 0.737860 74971.107483

IInfo: 1492979658.584943 3.000320 0.806740 55478.861481

IInfo: 1492979703.388046 4.000000 0.859810 39801.544327

IInfo: 1492979748.220238 5.000320 0.902740 27609.847046

IInfo: 1492979793.024306 6.000000 0.952960 13946.247223

IInfo: 1492979837.917295 7.000320 0.969340 9226.408468

IInfo: 1492979882.799327 8.000000 0.976320 7019.623278

IInfo: 1492979927.582434 9.000320 0.979600 5980.237291

IInfo: 1492979972.433659 10.000000 0.993020 2244.371963

IInfo: 1492980017.221365 11.000320 0.994480 1781.973320

IInfo: 1492980062.058319 12.000000 0.992880 2169.180255

IInfo: 1492980106.903088 13.000320 0.999280 356.609388

