IInfo: 1492888665.535036 0.000000 0.099100 115132.508057

IInfo: 1492888691.549507 1.000960 0.504220 67701.835571

IInfo: 1492888717.265278 2.001920 0.594520 56584.236145

IInfo: 1492888742.923115 3.000320 0.715940 41015.817322

IInfo: 1492888768.701400 4.001280 0.749580 36405.051392

IInfo: 1492888794.498886 5.002240 0.785880 31273.941376

IInfo: 1492888820.190344 6.000640 0.841760 22872.438721

IInfo: 1492888846.001414 7.001600 0.838720 23112.202454

IInfo: 1492888871.690085 8.000000 0.874440 17766.177124

IInfo: 1492888897.405427 9.000960 0.888440 15910.217819

IInfo: 1492888923.168463 10.001920 0.927940 10619.856621

IInfo: 1492888948.808639 11.000320 0.911980 12767.940117

IInfo: 1492888974.517276 12.001280 0.935440 9212.048237

IInfo: 1492889000.338792 13.002240 0.940660 8464.777435

IInfo: 1492889025.998168 14.000640 0.948780 7532.438080

IInfo: 1492889051.752394 15.001600 0.975400 3627.505164

IInfo: 1492889077.449465 16.000000 0.971140 4353.592703

IInfo: 1492889103.234002 17.000960 0.973400 3919.873235

IInfo: 1492889128.987121 18.001920 0.973680 3941.142158

IInfo: 1492889154.653584 19.000320 0.972960 4044.152386

IInfo: 1492889180.491688 20.001280 0.986780 1979.188505

IInfo: 1492889206.303616 21.002240 0.958300 6759.329021

IInfo: 1492889231.998099 22.000640 0.980540 2999.394165

IInfo: 1492889257.751747 23.001600 0.985900 2219.113503

IInfo: 1492889283.426710 24.000000 0.987320 1976.035017

IInfo: 1492889309.193341 25.000960 0.984880 2573.976688

IInfo: 1492889335.004065 26.001920 0.985180 2239.543898

IInfo: 1492889360.696078 27.000320 0.991780 1289.083193

IInfo: 1492889386.423640 28.001280 0.995960 658.493109

