IInfo: 1492963306.053340 0.000000 0.099100 115132.507568

IInfo: 1492963331.581527 1.003520 0.370660 94915.998901

IInfo: 1492963356.502045 2.007040 0.461480 82600.816162

IInfo: 1492963381.151965 3.000320 0.517200 74786.412720

IInfo: 1492963406.077335 4.003840 0.556520 69868.750854

IInfo: 1492963431.002614 5.007360 0.595100 64311.925537

IInfo: 1492963455.668774 6.000640 0.605000 63116.797241

IInfo: 1492963480.589570 7.004160 0.603880 58861.169678

IInfo: 1492963505.501386 8.007680 0.655780 54511.235962

IInfo: 1492963530.167458 9.000960 0.680740 51233.712158

IInfo: 1492963555.057662 10.004480 0.706880 48256.256836

IInfo: 1492963579.945605 11.008000 0.694380 48704.425110

IInfo: 1492963604.602587 12.001280 0.729480 43948.436401

IInfo: 1492963629.505966 13.004800 0.731240 44048.935059

IInfo: 1492963654.405831 14.008320 0.765420 39602.996887

IInfo: 1492963679.066928 15.001600 0.772520 37364.910278

IInfo: 1492963703.968907 16.005120 0.778680 37144.419495

IInfo: 1492963728.871424 17.008640 0.792920 34866.577454

IInfo: 1492963753.527811 18.001920 0.796280 34135.122925

IInfo: 1492963778.422111 19.005440 0.803200 32601.780151

IInfo: 1492963803.332445 20.008960 0.820020 30149.221497

IInfo: 1492963827.977402 21.002240 0.824040 28775.038025

IInfo: 1492963852.874001 22.005760 0.831500 29195.830200

IInfo: 1492963877.756503 23.009280 0.839440 27858.785156

IInfo: 1492963902.386954 24.002560 0.849920 25416.498627

IInfo: 1492963927.465203 25.006080 0.831620 27641.135986

IInfo: 1492963952.367779 26.009600 0.856000 25080.002808

IInfo: 1492963977.012331 27.002880 0.867400 23514.003510

IInfo: 1492964001.932472 28.006400 0.876820 22045.438477

IInfo: 1492964026.834118 29.009920 0.869520 22891.186920

IInfo: 1492964051.481765 30.003200 0.894820 19908.223114

IInfo: 1492964076.378155 31.006720 0.897040 19467.918091

IInfo: 1492964101.036637 32.000000 0.905640 18440.707855

IInfo: 1492964125.940164 33.003520 0.902660 18708.104889

IInfo: 1492964150.841204 34.007040 0.917520 16711.250732

IInfo: 1492964175.490510 35.000320 0.906820 18159.791046

IInfo: 1492964200.394279 36.003840 0.916320 15929.734680

IInfo: 1492964225.296996 37.007360 0.928640 14569.401123

IInfo: 1492964249.935650 38.000640 0.933000 13930.351746

IInfo: 1492964274.833304 39.004160 0.924680 14743.656570

IInfo: 1492964299.737832 40.007680 0.946240 12657.008774

IInfo: 1492964324.388416 41.000960 0.937280 13382.159805

IInfo: 1492964349.291412 42.004480 0.946560 12197.386993

IInfo: 1492964374.205654 43.008000 0.948900 11833.721130

IInfo: 1492964398.861927 44.001280 0.949840 11590.605484

IInfo: 1492964423.760777 45.004800 0.945200 11980.029922

IInfo: 1492964448.659667 46.008320 0.957720 10039.988220

IInfo: 1492964473.308508 47.001600 0.963820 9245.768524

IInfo: 1492964498.216589 48.005120 0.946100 11040.684860

IInfo: 1492964523.136415 49.008640 0.965720 8919.087128

IInfo: 1492964547.774405 50.001920 0.966080 8367.872574

IInfo: 1492964572.688339 51.005440 0.969740 8085.329834

IInfo: 1492964597.581422 52.008960 0.970500 8081.775925

IInfo: 1492964622.221668 53.002240 0.969760 7802.498337

IInfo: 1492964647.128767 54.005760 0.961380 9265.633591

IInfo: 1492964672.037313 55.009280 0.976500 6823.716469

IInfo: 1492964696.690919 56.002560 0.979240 6316.726387

IInfo: 1492964721.606556 57.006080 0.972280 6401.293312

IInfo: 1492964746.519439 58.009600 0.980960 5531.062737

IInfo: 1492964771.176314 59.002880 0.978080 5662.399406

IInfo: 1492964796.073836 60.006400 0.985700 4641.931564

IInfo: 1492964820.973689 61.009920 0.986840 4603.541870

IInfo: 1492964845.642549 62.003200 0.984480 4505.205452

IInfo: 1492964870.538689 63.006720 0.986000 4388.869949

IInfo: 1492964895.179813 64.000000 0.989340 3841.854820

IInfo: 1492964920.085346 65.003520 0.985760 4209.946945

IInfo: 1492964945.013805 66.007040 0.989760 3821.360672

IInfo: 1492964969.680481 67.000320 0.974860 5182.367226

IInfo: 1492964994.594917 68.003840 0.991920 3046.221348

IInfo: 1492965019.504839 69.007360 0.992100 3059.514713

IInfo: 1492965044.154004 70.000640 0.994260 2942.918091

IInfo: 1492965069.051505 71.004160 0.993780 2796.590698

IInfo: 1492965093.962233 72.007680 0.995420 2417.974998

