IInfo: 1492950340.955807 0.000000 0.098260 115140.330811

IInfo: 1492950362.948131 1.003520 0.410080 80574.392090

IInfo: 1492950384.266201 2.001920 0.550860 62718.489502

IInfo: 1492950405.643976 3.000320 0.585600 56493.075195

IInfo: 1492950427.112077 4.003840 0.722020 39761.464966

IInfo: 1492950448.496407 5.002240 0.793700 30371.712677

IInfo: 1492950469.897231 6.000640 0.913540 14486.838974

IInfo: 1492950491.441770 7.004160 0.976380 5074.399597

IInfo: 1492950512.888985 8.002560 0.990440 2454.220985

IInfo: 1492950534.327540 9.000960 0.948640 9109.080849

IInfo: 1492950555.886358 10.004480 0.994380 1625.132277

IInfo: 1492950577.339891 11.002880 0.999300 433.870860

IInfo: 1492950598.788431 12.001280 0.999960 199.890410

