IInfo: 1492901942.088939 0.000000 0.097460 115138.054688

IInfo: 1492901967.956566 1.000000 0.635860 50358.525818

IInfo: 1492901993.559066 2.000000 0.789340 30893.083954

IInfo: 1492902019.204458 3.000000 0.875680 18906.904495

IInfo: 1492902044.771978 4.000000 0.911800 12886.730896

IInfo: 1492902070.392113 5.000000 0.957420 6496.430305

IInfo: 1492902095.959021 6.000000 0.967060 4735.195374

IInfo: 1492902121.621655 7.000000 0.974420 3896.479478

IInfo: 1492902147.214454 8.000000 0.974320 3859.145638

IInfo: 1492902172.885946 9.000000 0.981940 2693.024645

IInfo: 1492902198.453780 10.000000 0.985400 2151.468084

IInfo: 1492902224.089378 11.000000 0.988680 1833.061529

IInfo: 1492902249.708328 12.000000 0.994900 850.432362

IInfo: 1492902275.333566 13.000000 0.996480 601.288117

IInfo: 1492902300.946941 14.000000 0.980100 3129.073374

