IInfo: 1492892615.417514 0.000000 0.099040 115133.840820

IInfo: 1492892637.456301 1.000960 0.469740 72107.561890

IInfo: 1492892659.225155 2.001920 0.634800 51305.573303

IInfo: 1492892680.983953 3.000320 0.713220 40817.889587

IInfo: 1492892702.857616 4.001280 0.790640 30397.939270

IInfo: 1492892724.775426 5.002240 0.857720 21198.958221

IInfo: 1492892746.644480 6.000640 0.896320 15701.339264

IInfo: 1492892768.571198 7.001600 0.939460 9229.475861

IInfo: 1492892790.476004 8.000000 0.969980 5064.183151

IInfo: 1492892812.419537 9.000960 0.985360 2620.905724

IInfo: 1492892834.413761 10.001920 0.992020 1508.494267

IInfo: 1492892856.353017 11.000320 0.955640 7144.929905

IInfo: 1492892878.319867 12.001280 0.979000 3353.102739

IInfo: 1492892900.295108 13.002240 0.995900 863.774366

IInfo: 1492892922.227412 14.000640 0.998520 370.990684

