IInfo: 1492943608.437254 0.000000 0.099100 115132.508789

IInfo: 1492943630.160017 1.003520 0.429720 78852.423828

IInfo: 1492943651.445002 2.001920 0.460800 77077.029785

IInfo: 1492943672.736663 3.000320 0.594880 58137.986694

IInfo: 1492943694.127721 4.003840 0.574920 61948.258301

IInfo: 1492943715.453837 5.002240 0.665540 48015.907715

IInfo: 1492943736.712411 6.000640 0.716340 40740.758179

IInfo: 1492943758.160993 7.004160 0.684320 45231.001709

IInfo: 1492943779.452448 8.002560 0.735860 38001.746643

IInfo: 1492943800.783810 9.000960 0.806900 28141.228271

IInfo: 1492943822.162656 10.004480 0.815680 26486.326355

IInfo: 1492943843.429984 11.002880 0.832600 24483.052246

IInfo: 1492943864.688547 12.001280 0.806200 27889.563171

IInfo: 1492943886.101615 13.004800 0.883960 17110.290924

IInfo: 1492943907.384921 14.003200 0.843980 21591.595947

IInfo: 1492943928.645905 15.001600 0.920220 12908.675400

IInfo: 1492943949.971102 16.000000 0.939200 9319.308418

IInfo: 1492943971.439519 17.003520 0.930000 9748.967361

IInfo: 1492943992.784891 18.001920 0.850860 21734.620605

IInfo: 1492944014.061863 19.000320 0.922600 10936.805252

IInfo: 1492944035.497744 20.003840 0.953500 6733.256908

IInfo: 1492944056.789992 21.002240 0.950800 7112.207718

IInfo: 1492944078.062934 22.000640 0.828700 24541.293762

IInfo: 1492944099.436595 23.004160 0.988140 2219.191838

IInfo: 1492944120.721968 24.002560 0.992780 1390.229304

IInfo: 1492944142.030331 25.000960 0.998320 566.244172

IInfo: 1492944163.461642 26.004480 0.999240 346.038082

IInfo: 1492944184.800387 27.002880 0.999620 238.860143

