IInfo: 1492982008.049634 0.000000 0.099660 115134.801025

IInfo: 1492982031.716536 1.000960 0.517460 65524.333984

IInfo: 1492982054.404419 2.000640 0.655340 48452.756836

IInfo: 1492982077.091386 3.000320 0.740640 36945.886292

IInfo: 1492982099.806214 4.000000 0.819900 26322.222443

IInfo: 1492982122.514211 5.000960 0.885300 17762.597458

IInfo: 1492982145.233984 6.000640 0.914380 12838.596764

IInfo: 1492982167.975948 7.000320 0.952800 7582.066921

IInfo: 1492982190.704628 8.000000 0.967440 4977.419743

IInfo: 1492982213.415398 9.000960 0.884380 17176.759003

IInfo: 1492982236.115061 10.000640 0.989260 1854.742295

IInfo: 1492982258.777560 11.000320 0.989560 1702.887600

IInfo: 1492982281.502479 12.000000 0.980700 3219.331158

IInfo: 1492982304.180597 13.000960 0.996420 806.488827

