IInfo: 1492971279.455122 0.000000 0.099460 115133.900879

IInfo: 1492971301.222745 1.003520 0.261640 102325.348511

IInfo: 1492971322.236344 2.007040 0.305160 96210.814697

IInfo: 1492971343.028855 3.000320 0.392460 82277.693481

IInfo: 1492971364.029709 4.003840 0.444620 76033.580322

IInfo: 1492971385.022764 5.007360 0.440960 76237.733276

IInfo: 1492971405.807021 6.000640 0.485300 69990.968628

IInfo: 1492971426.947591 7.004160 0.519940 65649.937988

IInfo: 1492971447.940593 8.007680 0.554880 61701.818604

IInfo: 1492971468.731975 9.000960 0.537940 63984.960693

IInfo: 1492971489.719908 10.004480 0.555100 61058.037231

IInfo: 1492971510.707026 11.008000 0.605340 55034.668213

IInfo: 1492971531.477490 12.001280 0.598200 55692.592773

IInfo: 1492971552.473128 13.004800 0.604120 55130.106567

IInfo: 1492971573.477845 14.008320 0.671460 46650.428467

IInfo: 1492971594.262872 15.001600 0.656660 47594.148376

IInfo: 1492971615.262021 16.005120 0.706920 41814.861389

IInfo: 1492971636.262658 17.008640 0.709200 41704.758484

IInfo: 1492971657.035843 18.001920 0.688640 43373.899841

IInfo: 1492971678.021086 19.005440 0.771540 34110.951965

IInfo: 1492971699.012909 20.008960 0.736080 37608.238342

IInfo: 1492971719.796387 21.002240 0.779460 32620.149597

IInfo: 1492971740.804119 22.005760 0.815800 27990.872406

IInfo: 1492971761.800058 23.009280 0.812400 27941.663971

IInfo: 1492971782.578987 24.002560 0.821420 26512.706512

IInfo: 1492971803.577871 25.006080 0.838640 24879.065765

IInfo: 1492971824.576857 26.009600 0.820920 25647.945984

IInfo: 1492971845.361107 27.002880 0.860060 21495.219391

IInfo: 1492971866.334271 28.006400 0.882820 19006.878326

IInfo: 1492971887.333550 29.009920 0.876400 19190.353210

IInfo: 1492971908.090467 30.003200 0.887300 17230.273682

IInfo: 1492971929.071928 31.006720 0.793120 31020.826294

IInfo: 1492971949.831869 32.000000 0.910540 13948.935623

IInfo: 1492971970.822664 33.003520 0.893820 15903.243805

IInfo: 1492971991.814756 34.007040 0.906380 14038.112152

IInfo: 1492972012.592224 35.000320 0.909780 13131.007843

IInfo: 1492972033.594364 36.003840 0.961160 7553.334419

IInfo: 1492972054.590772 37.007360 0.959900 7941.707359

IInfo: 1492972075.365410 38.000640 0.970340 6433.695351

IInfo: 1492972096.365906 39.004160 0.973980 6445.363403

IInfo: 1492972117.364630 40.007680 0.978580 4703.742844

IInfo: 1492972138.146445 41.000960 0.985340 3823.759239

IInfo: 1492972159.143001 42.004480 0.987560 3605.647766

IInfo: 1492972180.129239 43.008000 0.985740 4355.141068

IInfo: 1492972200.898164 44.001280 0.987020 4137.257084

IInfo: 1492972221.886991 45.004800 0.993440 2180.538462

IInfo: 1492972242.874298 46.008320 0.995120 1813.626312

IInfo: 1492972263.651935 47.001600 0.996860 1398.454762

IInfo: 1492972284.635864 48.005120 0.997520 1238.890106

