IInfo: 1492949265.418165 0.000000 0.099260 115132.049316

IInfo: 1492949288.195647 1.003520 0.302220 99856.327881

IInfo: 1492949309.851307 2.001920 0.489680 68910.189209

IInfo: 1492949331.620209 3.000320 0.599040 55304.114014

IInfo: 1492949353.637148 4.003840 0.611380 55746.874268

IInfo: 1492949375.800721 5.002240 0.684740 45017.392151

IInfo: 1492949397.891800 6.000640 0.769620 33077.788086

IInfo: 1492949420.170476 7.004160 0.760220 35674.551331

IInfo: 1492949442.032603 8.002560 0.844840 22392.718933

IInfo: 1492949464.256997 9.000960 0.926300 12465.510376

IInfo: 1492949486.439114 10.004480 0.957440 7665.925102

IInfo: 1492949508.620769 11.002880 0.899380 15601.837479

IInfo: 1492949530.767409 12.001280 0.962600 6855.694176

IInfo: 1492949552.923211 13.004800 0.983380 3752.689531

IInfo: 1492949574.633397 14.003200 0.995340 1298.409912

