IInfo: 1492974627.330985 0.000000 0.096080 115139.679199

IInfo: 1492974649.292332 1.003520 0.277940 100888.248413

IInfo: 1492974671.171576 2.007040 0.327620 91368.129150

IInfo: 1492974693.291383 3.000320 0.369100 88395.563477

IInfo: 1492974715.801452 4.003840 0.431280 80415.801880

IInfo: 1492974737.582345 5.007360 0.512380 67480.374756

IInfo: 1492974758.998948 6.000640 0.506860 68387.703369

IInfo: 1492974781.350068 7.004160 0.582040 58771.812134

IInfo: 1492974802.861825 8.007680 0.572500 58598.156494

IInfo: 1492974824.731653 9.000960 0.612340 55146.050293

IInfo: 1492974846.832619 10.004480 0.694100 43863.650452

IInfo: 1492974869.382088 11.008000 0.727820 38752.768005

IInfo: 1492974891.494901 12.001280 0.735040 39672.507446

IInfo: 1492974913.278603 13.004800 0.766820 32595.686951

IInfo: 1492974934.831492 14.008320 0.823500 26143.428772

IInfo: 1492974956.490450 15.001600 0.817940 26278.056335

IInfo: 1492974977.804569 16.005120 0.829340 23946.337097

IInfo: 1492974999.678584 17.008640 0.745720 46894.342529

IInfo: 1492975021.841691 18.001920 0.905200 13595.179398

IInfo: 1492975044.032635 19.005440 0.632880 87982.898315

IInfo: 1492975065.812300 20.008960 0.992900 2966.017963

IInfo: 1492975087.538677 21.002240 0.954340 11502.607208

IInfo: 1492975109.812168 22.005760 0.996820 2289.873814

IInfo: 1492975131.981745 23.009280 0.999060 1132.895023

IInfo: 1492975153.854142 24.002560 0.999260 778.193998

