IInfo: 1492887138.350784 0.000000 0.099100 115132.506104

IInfo: 1492887160.800126 1.000960 0.446760 74110.818970

IInfo: 1492887183.250252 2.001920 0.582700 59423.416382

IInfo: 1492887205.467474 3.000320 0.673540 46317.253662

IInfo: 1492887227.997578 4.001280 0.728480 38802.125854

IInfo: 1492887250.602353 5.002240 0.755680 34490.873169

IInfo: 1492887273.055683 6.000640 0.771320 32297.280487

IInfo: 1492887295.859476 7.001600 0.821180 25504.494995

IInfo: 1492887318.241244 8.000000 0.855980 20768.508652

IInfo: 1492887340.619805 9.000960 0.878780 17501.280838

IInfo: 1492887363.290727 10.001920 0.873240 17828.882050

IInfo: 1492887385.869642 11.000320 0.919240 11616.980171

IInfo: 1492887408.493217 12.001280 0.919500 11265.703857

IInfo: 1492887431.194417 13.002240 0.928080 9899.081902

IInfo: 1492887453.763539 14.000640 0.936140 8939.037823

IInfo: 1492887476.562702 15.001600 0.950040 7272.616125

IInfo: 1492887499.027062 16.000000 0.956380 6342.959682

IInfo: 1492887521.418856 17.000960 0.967280 4722.066494

IInfo: 1492887543.767123 18.001920 0.967040 4771.252644

IInfo: 1492887566.174450 19.000320 0.972360 3999.427479

IInfo: 1492887588.662128 20.001280 0.986600 2009.989423

IInfo: 1492887611.325936 21.002240 0.978060 3017.452565

IInfo: 1492887633.656535 22.000640 0.984520 2346.373081

IInfo: 1492887656.348274 23.001600 0.987980 1734.141684

IInfo: 1492887678.784297 24.000000 0.992700 1154.013287

IInfo: 1492887701.295044 25.000960 0.996680 561.596353

IInfo: 1492887723.646755 26.001920 0.990760 1358.921555

IInfo: 1492887746.252697 27.000320 0.992000 1182.995490

