IInfo: 1492946754.047006 0.000000 0.099100 230265.015381

IInfo: 1492946797.060503 1.000960 0.488560 138093.726562

IInfo: 1492946839.678775 2.001920 0.643400 99955.446899

IInfo: 1492946882.267504 3.000320 0.723140 79557.311707

IInfo: 1492946924.923895 4.001280 0.774780 64719.971680

IInfo: 1492946967.618188 5.002240 0.807560 55335.088593

IInfo: 1492947010.141288 6.000640 0.854620 41079.585785

IInfo: 1492947052.784697 7.001600 0.907980 27310.986710

IInfo: 1492947095.304928 8.000000 0.933240 19248.339249

IInfo: 1492947138.025096 9.000960 0.944860 15634.281754

IInfo: 1492947180.695785 10.001920 0.974740 8309.139622

IInfo: 1492947223.281324 11.000320 0.977280 8685.529568

IInfo: 1492947265.994245 12.001280 0.997460 1670.964294

