IInfo: 1492958088.041499 0.000000 0.098500 115132.791260

IInfo: 1492958110.964564 1.000320 0.548060 62949.137695

IInfo: 1492958132.836667 2.000000 0.682300 45188.718811

IInfo: 1492958154.768139 3.000320 0.793760 30234.618988

IInfo: 1492958176.680695 4.000000 0.860760 20419.659149

IInfo: 1492958198.612864 5.000320 0.914460 13252.760101

IInfo: 1492958220.517534 6.000000 0.947940 8093.005547

IInfo: 1492958242.466514 7.000320 0.965160 5426.254993

IInfo: 1492958264.370321 8.000000 0.975380 3901.847746

IInfo: 1492958286.293333 9.000320 0.982240 2807.464216

IInfo: 1492958308.227484 10.000000 0.987960 1883.870417

IInfo: 1492958330.139682 11.000320 0.982560 2552.012691

IInfo: 1492958352.045598 12.000000 0.988400 1876.011069

IInfo: 1492958373.965180 13.000320 0.988200 1801.190722

IInfo: 1492958395.894209 14.000000 0.980160 2970.299429

IInfo: 1492958417.815127 15.000320 0.993980 964.729476

IInfo: 1492958439.749579 16.000000 0.997300 467.907620

IInfo: 1492958461.682189 17.000320 0.998840 205.250394

IInfo: 1492958483.603381 18.000000 0.999340 137.989608

