IInfo: 1492895128.005880 0.000000 0.099100 115132.506104

IInfo: 1492895156.941386 1.000000 0.601220 55501.331543

IInfo: 1492895183.014619 2.000000 0.713740 40294.469421

IInfo: 1492895209.189289 3.000000 0.770980 32227.058472

IInfo: 1492895235.057073 4.000000 0.812900 26516.053772

IInfo: 1492895260.883429 5.000000 0.844060 21950.303070

IInfo: 1492895286.693957 6.000000 0.857120 20204.221985

IInfo: 1492895312.517933 7.000000 0.870400 18718.185898

IInfo: 1492895338.396596 8.000000 0.900860 14313.123112

IInfo: 1492895364.182011 9.000000 0.898360 15022.020653

IInfo: 1492895389.987151 10.000000 0.915100 12534.021229

IInfo: 1492895415.878870 11.000000 0.943980 8233.996094

IInfo: 1492895441.721571 12.000000 0.940480 9096.258400

IInfo: 1492895467.546107 13.000000 0.946900 8091.467560

IInfo: 1492895493.352616 14.000000 0.958980 6346.688641

IInfo: 1492895519.162700 15.000000 0.946440 8095.897600

IInfo: 1492895544.800998 16.000000 0.963560 5638.381603

IInfo: 1492895570.622642 17.000000 0.971820 4258.192225

IInfo: 1492895596.404132 18.000000 0.952820 7574.214569

IInfo: 1492895622.185037 19.000000 0.980640 2879.560586

IInfo: 1492895647.907210 20.000000 0.980700 2985.356369

IInfo: 1492895673.707297 21.000000 0.975720 3765.378907

IInfo: 1492895699.425724 22.000000 0.978440 3410.380151

IInfo: 1492895725.204000 23.000000 0.975880 3805.481245

IInfo: 1492895750.964705 24.000000 0.986780 2008.551603

IInfo: 1492895776.787059 25.000000 0.984020 2345.366197

IInfo: 1492895802.505190 26.000000 0.983980 2541.230517

IInfo: 1492895828.309243 27.000000 0.982280 2967.580498

IInfo: 1492895854.015665 28.000000 0.983040 2768.042019

IInfo: 1492895879.848434 29.000000 0.989920 1597.238831

IInfo: 1492895905.640009 30.000000 0.986520 2120.745608

IInfo: 1492895931.575825 31.000000 0.978620 3617.862482

IInfo: 1492895957.671382 32.000000 0.990500 1526.425007

IInfo: 1492895983.514193 33.000000 0.994320 887.297882

IInfo: 1492896009.223702 34.000000 0.992100 1264.067429

IInfo: 1492896034.985374 35.000000 0.994900 801.927534

IInfo: 1492896060.837274 36.000000 0.994320 912.826857

IInfo: 1492896086.797287 37.000000 0.996860 473.811682

IInfo: 1492896112.559031 38.000000 0.987620 2154.395765

