IInfo: 1492976088.294005 0.000000 0.099100 115132.507812

IInfo: 1492976115.896077 1.000960 0.481880 69790.901123

IInfo: 1492976138.593409 2.000640 0.594960 56037.660034

IInfo: 1492976161.276205 3.000320 0.677480 45286.100586

IInfo: 1492976183.990331 4.000000 0.715260 40199.581726

IInfo: 1492976206.727806 5.000960 0.769840 32825.727386

IInfo: 1492976229.387479 6.000640 0.813320 26651.116638

IInfo: 1492976252.031476 7.000320 0.834300 23696.443756

IInfo: 1492976274.594866 8.000000 0.868420 18955.221512

IInfo: 1492976297.179879 9.000960 0.858460 19437.348282

IInfo: 1492976319.751316 10.000640 0.882580 16416.516174

IInfo: 1492976342.343056 11.000320 0.893440 15136.578789

IInfo: 1492976364.904393 12.000000 0.913060 12263.245758

IInfo: 1492976387.511840 13.000960 0.913680 12510.446449

IInfo: 1492976410.083536 14.000640 0.935740 9243.132109

IInfo: 1492976432.748626 15.000320 0.939500 8726.472202

IInfo: 1492976455.373972 16.000000 0.900120 16255.729721

IInfo: 1492976478.061108 17.000960 0.965140 4988.022748

IInfo: 1492976500.729616 18.000640 0.970820 4173.770569

IInfo: 1492976523.411488 19.000320 0.955560 6753.840206

IInfo: 1492976546.054997 20.000000 0.963760 5402.138859

IInfo: 1492976568.781383 21.000960 0.980160 2862.082824

IInfo: 1492976591.499538 22.000640 0.976200 3627.588533

IInfo: 1492976614.163958 23.000320 0.986800 2014.995334

IInfo: 1492976636.872053 24.000000 0.984960 2277.970566

IInfo: 1492976659.598053 25.000960 0.987720 1778.354738

IInfo: 1492976682.292568 26.000640 0.988720 1667.414207

IInfo: 1492976704.973224 27.000320 0.981240 2862.727808

IInfo: 1492976727.714784 28.000000 0.985740 2171.448280

IInfo: 1492976750.443581 29.000960 0.990680 1417.282306

IInfo: 1492976773.123086 30.000640 0.992980 1073.673783

IInfo: 1492976795.842545 31.000320 0.996660 518.286191

IInfo: 1492976818.517216 32.000000 0.997700 392.430047

