IInfo: 1492944992.135659 0.000000 0.099100 115132.506348

IInfo: 1492945017.663843 1.003520 0.428540 79559.220947

IInfo: 1492945042.583126 2.001920 0.539500 65074.985474

IInfo: 1492945067.465985 3.000320 0.594820 57665.684082

IInfo: 1492945092.506421 4.003840 0.586220 56762.361938

IInfo: 1492945117.433733 5.002240 0.712260 42713.396301

IInfo: 1492945142.389605 6.000640 0.701480 42510.736877

IInfo: 1492945167.455351 7.004160 0.760000 35255.049316

IInfo: 1492945192.412930 8.002560 0.807980 29850.954468

IInfo: 1492945217.379375 9.000960 0.789900 30322.742767

IInfo: 1492945242.391382 10.004480 0.823460 26535.210083

IInfo: 1492945267.291544 11.002880 0.863520 21346.372223

IInfo: 1492945292.261489 12.001280 0.880980 18676.588165

IInfo: 1492945317.308040 13.004800 0.881060 18554.147583

IInfo: 1492945342.227111 14.003200 0.903280 15281.947433

IInfo: 1492945367.121408 15.001600 0.909800 14365.428833

IInfo: 1492945392.004301 16.000000 0.903500 13875.349152

IInfo: 1492945417.120205 17.003520 0.918600 12375.738480

IInfo: 1492945442.066231 18.001920 0.949080 8499.498070

IInfo: 1492945467.073335 19.000320 0.943120 8710.398140

IInfo: 1492945492.159181 20.003840 0.942720 8689.181435

IInfo: 1492945517.072934 21.002240 0.970580 5168.616840

IInfo: 1492945542.009170 22.000640 0.972400 4636.776508

IInfo: 1492945567.072547 23.004160 0.969840 4670.804874

IInfo: 1492945592.065198 24.002560 0.970120 4668.228786

IInfo: 1492945616.991167 25.000960 0.968360 4756.019394

IInfo: 1492945642.037928 26.004480 0.979700 3348.951685

IInfo: 1492945666.957740 27.002880 0.984180 2672.040304

IInfo: 1492945691.845803 28.001280 0.986100 2201.943774

IInfo: 1492945716.881191 29.004800 0.991160 1592.074100

IInfo: 1492945741.781488 30.003200 0.990500 1670.849367

IInfo: 1492945766.744980 31.001600 0.990640 1594.136052

IInfo: 1492945791.673214 32.000000 0.990340 1549.104049

IInfo: 1492945816.728892 33.003520 0.994480 977.161206

IInfo: 1492945841.680753 34.001920 0.983800 2416.320450

IInfo: 1492945866.600657 35.000320 0.994360 1074.882418

IInfo: 1492945891.629493 36.003840 0.993560 1120.490922

IInfo: 1492945916.559759 37.002240 0.996140 806.468554

