IInfo: 1492903062.872275 0.000000 0.100980 115136.089111

IInfo: 1492903090.476611 1.000000 0.678260 45026.653381

IInfo: 1492903118.723326 2.000000 0.888800 17192.342178

IInfo: 1492903146.798160 3.000000 0.945540 7678.580788

IInfo: 1492903175.161353 4.000000 0.971140 4346.167845

IInfo: 1492903202.818267 5.000000 0.989920 1551.295519

IInfo: 1492903230.913534 6.000000 0.982440 2782.929863

IInfo: 1492903259.077310 7.000000 0.999100 170.868179

IInfo: 1492903287.541865 8.000000 0.971740 4548.222549

