IInfo: 1492973247.806767 0.000000 0.098380 115140.050781

IInfo: 1492973269.759820 1.003520 0.264620 101880.681519

IInfo: 1492973290.885774 2.007040 0.359380 89267.417358

IInfo: 1492973311.879921 3.000320 0.375480 85632.033936

IInfo: 1492973333.120771 4.003840 0.459100 74135.709717

IInfo: 1492973354.439493 5.007360 0.493260 69778.319702

IInfo: 1492973375.534056 6.000640 0.505260 68077.361084

IInfo: 1492973396.799100 7.004160 0.558740 61322.795410

IInfo: 1492973418.101511 8.007680 0.555800 61189.373169

IInfo: 1492973439.155389 9.000960 0.558380 60348.912109

IInfo: 1492973460.481437 10.004480 0.642740 50636.606018

IInfo: 1492973481.779612 11.008000 0.627820 52059.899231

IInfo: 1492973502.823390 12.001280 0.678680 45328.987244

IInfo: 1492973524.117042 13.004800 0.607120 55828.122375

IInfo: 1492973545.407501 14.008320 0.680040 44128.713318

IInfo: 1492973566.511905 15.001600 0.683240 44112.801392

IInfo: 1492973587.846818 16.005120 0.761520 34234.009705

IInfo: 1492973609.171459 17.008640 0.798100 29755.838440

IInfo: 1492973630.280331 18.001920 0.808600 27939.374054

IInfo: 1492973651.611457 19.005440 0.766920 32466.889771

IInfo: 1492973672.960858 20.008960 0.852140 22195.371857

IInfo: 1492973694.082084 21.002240 0.906580 16016.044159

IInfo: 1492973715.448441 22.005760 0.910640 14604.725677

IInfo: 1492973736.794686 23.009280 0.895040 17127.769287

IInfo: 1492973757.930140 24.002560 0.942240 10781.854309

IInfo: 1492973779.276726 25.006080 0.962620 7681.456093

IInfo: 1492973800.603879 26.009600 0.973880 6679.822540

IInfo: 1492973821.727363 27.002880 0.982620 4720.340416

IInfo: 1492973843.080226 28.006400 0.978360 6426.622658

IInfo: 1492973864.428785 29.009920 0.992600 2722.843922

IInfo: 1492973885.553163 30.003200 0.992560 2932.572124

IInfo: 1492973906.892966 31.006720 0.995820 1894.674845

IInfo: 1492973928.015652 32.000000 0.997600 1359.004147

