IInfo: 1492955481.444771 0.000000 0.099100 230265.013428

IInfo: 1492955525.369127 1.000000 0.658340 96827.208679

IInfo: 1492955569.130381 2.000000 0.763120 67954.783508

IInfo: 1492955612.880413 3.000000 0.815040 52841.770721

IInfo: 1492955656.641941 4.000000 0.856000 41134.252151

IInfo: 1492955700.432974 5.000000 0.918000 22808.261833

IInfo: 1492955744.188938 6.000000 0.942800 16460.551788

IInfo: 1492955787.963005 7.000000 0.966660 9701.403786

IInfo: 1492955831.711491 8.000000 0.959400 11413.352009

IInfo: 1492955875.483702 9.000000 0.983420 4750.510549

IInfo: 1492955919.247720 10.000000 0.972460 8036.498158

IInfo: 1492955963.052378 11.000000 0.985440 4464.428371

IInfo: 1492956006.794193 12.000000 0.980060 5764.332191

IInfo: 1492956050.528030 13.000000 0.981700 5590.395292

IInfo: 1492956094.270849 14.000000 0.991080 2683.607851

IInfo: 1492956138.026164 15.000000 0.984940 4796.633854

IInfo: 1492956181.805177 16.000000 0.994140 1848.930762

IInfo: 1492956225.571050 17.000000 0.997860 693.411453

IInfo: 1492956269.327261 18.000000 0.998280 553.195747

