IInfo: 1492627781.935437 0.000000 0.099100 115132.507568

IInfo: 1492627805.342992 1.000960 0.493640 69805.962158

IInfo: 1492627828.426525 2.001920 0.563640 59407.776245

IInfo: 1492627851.418445 3.000320 0.649700 50097.875793

IInfo: 1492627874.459563 4.001280 0.717240 40542.559448

IInfo: 1492627897.806368 5.002240 0.757760 34830.923401

IInfo: 1492627921.323177 6.000640 0.772160 32533.977631

IInfo: 1492627944.449667 7.001600 0.803140 28133.603790

IInfo: 1492627967.620082 8.000000 0.844400 22382.196991

IInfo: 1492627990.807487 9.000960 0.845420 22075.139221

IInfo: 1492628014.304110 10.001920 0.851700 21221.213699

IInfo: 1492628037.524302 11.000320 0.897820 14549.899597

IInfo: 1492628060.627120 12.001280 0.876520 16788.816650

IInfo: 1492628083.897466 13.002240 0.946180 7758.543854

IInfo: 1492628107.156085 14.000640 0.951500 6818.819679

IInfo: 1492628130.538697 15.001600 0.936040 9365.434807

IInfo: 1492628153.894648 16.000000 0.965840 5009.215599

IInfo: 1492628177.262923 17.000960 0.972880 4110.022835

IInfo: 1492628200.627679 18.001920 0.975620 3559.318703

IInfo: 1492628223.678140 19.000320 0.980300 2987.289374

IInfo: 1492628246.898596 20.001280 0.989540 1622.277366

IInfo: 1492628270.084268 21.002240 0.984900 2306.721727

IInfo: 1492628293.443095 22.000640 0.986800 1914.122702

IInfo: 1492628316.965653 23.001600 0.995880 664.423403

IInfo: 1492628340.125357 24.000000 0.995920 632.086876

IInfo: 1492628363.303253 25.000960 0.998740 268.465568

