IInfo: 1492656723.380267 0.000000 0.099320 115132.557373

IInfo: 1492656746.120250 1.000320 0.558120 62461.076660

IInfo: 1492656768.630670 2.000000 0.687400 45286.400208

IInfo: 1492656791.177346 3.000320 0.763080 34343.160095

IInfo: 1492656813.788674 4.000000 0.834000 24351.013000

IInfo: 1492656836.369009 5.000320 0.883760 16787.979065

IInfo: 1492656858.960018 6.000000 0.929440 10362.260750

IInfo: 1492656881.539585 7.000320 0.941360 7912.401821

IInfo: 1492656904.117637 8.000000 0.984280 2592.674599

IInfo: 1492656926.712566 9.000320 0.961480 5701.474007

IInfo: 1492656949.276909 10.000000 0.989400 1745.902255

IInfo: 1492656971.870739 11.000320 0.991680 1399.598276

IInfo: 1492656994.416851 12.000000 0.984440 2353.670512

IInfo: 1492657017.023287 13.000320 0.996080 644.068903

