IInfo: 1492673923.641642 0.000000 0.099100 115132.508301

IInfo: 1492673950.748742 1.000960 0.465620 76627.349121

IInfo: 1492673977.780046 2.000640 0.573360 61917.322388

IInfo: 1492674004.761963 3.000320 0.649540 51259.245483

IInfo: 1492674031.772981 4.000000 0.711980 43584.231018

IInfo: 1492674058.887523 5.000960 0.745800 38176.101868

IInfo: 1492674085.969777 6.000640 0.764120 34747.586060

IInfo: 1492674112.978089 7.000320 0.791000 31043.940186

IInfo: 1492674140.050172 8.000000 0.831700 26811.986359

IInfo: 1492674167.055392 9.000960 0.838200 25097.734314

IInfo: 1492674194.026308 10.000640 0.845040 23301.206116

IInfo: 1492674221.069298 11.000320 0.851400 22676.990845

IInfo: 1492674248.086386 12.000000 0.879520 19438.653107

IInfo: 1492674275.102884 13.000960 0.901640 16331.025635

IInfo: 1492674302.182124 14.000640 0.901060 16140.487762

IInfo: 1492674329.188594 15.000320 0.914840 14153.236374

IInfo: 1492674356.168830 16.000000 0.926260 12757.338028

IInfo: 1492674383.212408 17.000960 0.941280 10744.391785

IInfo: 1492674410.230239 18.000640 0.942460 9960.905388

IInfo: 1492674437.209387 19.000320 0.942980 9248.552147

IInfo: 1492674464.256363 20.000000 0.947420 8369.442535

IInfo: 1492674491.324047 21.000960 0.959300 6646.596703

IInfo: 1492674518.353933 22.000640 0.967420 5638.999626

IInfo: 1492674545.320282 23.000320 0.974340 4541.138592

IInfo: 1492674572.403821 24.000000 0.970820 4782.158028

IInfo: 1492674599.424189 25.000960 0.976080 4033.634415

IInfo: 1492674626.386624 26.000640 0.982240 3214.102497

IInfo: 1492674653.440692 27.000320 0.984760 2778.438715

IInfo: 1492674680.406913 28.000000 0.982440 2887.471931

IInfo: 1492674707.376637 29.000960 0.986520 2310.448637

IInfo: 1492674734.407048 30.000640 0.985520 2457.279669

IInfo: 1492674761.403625 31.000320 0.988820 1781.043859

IInfo: 1492674788.411627 32.000000 0.990400 1606.887834

IInfo: 1492674815.406176 33.000960 0.992000 1452.184282

IInfo: 1492674842.419898 34.000640 0.994600 987.662528

IInfo: 1492674869.481303 35.000320 0.993560 1121.353254

IInfo: 1492674896.501907 36.000000 0.993280 1177.406976

IInfo: 1492674923.620084 37.000960 0.993120 1161.952270

IInfo: 1492674950.607722 38.000640 0.994340 993.714313

IInfo: 1492674977.623698 39.000320 0.995060 833.210474

IInfo: 1492675004.646183 40.000000 0.993260 1064.671811

