IInfo: 1492648272.972710 0.000000 0.099320 115132.559570

IInfo: 1492648295.051170 1.003520 0.425320 78858.114868

IInfo: 1492648316.511069 2.001920 0.523920 65530.730713

IInfo: 1492648337.961751 3.000320 0.578640 57416.989014

IInfo: 1492648359.598329 4.003840 0.618440 54494.065308

IInfo: 1492648381.095504 5.002240 0.650400 48338.392578

IInfo: 1492648402.598928 6.000640 0.733560 37338.006287

IInfo: 1492648424.166812 7.004160 0.789280 29966.105164

IInfo: 1492648445.642997 8.002560 0.795120 28635.870972

IInfo: 1492648467.117194 9.000960 0.893480 15929.056458

IInfo: 1492648488.731565 10.004480 0.910520 12820.931183

IInfo: 1492648510.246187 11.002880 0.922760 11567.132736

IInfo: 1492648531.747491 12.001280 0.989400 2670.378773

IInfo: 1492648553.375017 13.004800 0.997520 1045.552882

