IInfo: 1492639485.238080 0.000000 0.099100 230265.013916

IInfo: 1492639535.889216 1.000000 0.711720 81938.496277

IInfo: 1492639586.345112 2.000000 0.784000 62313.417603

IInfo: 1492639636.906765 3.000000 0.881500 33994.458618

IInfo: 1492639687.348999 4.000000 0.922500 22414.800430

IInfo: 1492639737.952126 5.000000 0.941560 16744.333103

IInfo: 1492639788.596970 6.000000 0.961400 11228.590889

IInfo: 1492639839.282334 7.000000 0.978300 6349.438381

IInfo: 1492639889.871758 8.000000 0.985040 4517.855645

IInfo: 1492639940.429563 9.000000 0.987560 3864.050609

IInfo: 1492639991.065759 10.000000 0.976680 7388.453127

IInfo: 1492640041.697192 11.000000 0.990060 2917.576053

IInfo: 1492640092.332310 12.000000 0.971620 9898.798882

IInfo: 1492640142.858958 13.000000 0.985120 4751.148542

IInfo: 1492640193.259969 14.000000 0.990580 2849.890969

IInfo: 1492640243.696340 15.000000 0.992200 2358.762256

IInfo: 1492640294.225435 16.000000 0.994500 1693.850410

IInfo: 1492640344.642354 17.000000 0.992700 2344.652930

IInfo: 1492640395.174248 18.000000 0.995660 1435.439793

