IInfo: 1492649353.704585 0.000000 0.099440 115139.901611

IInfo: 1492649375.664051 1.003520 0.436400 78176.157959

IInfo: 1492649397.006323 2.001920 0.503040 68018.607666

IInfo: 1492649418.365010 3.000320 0.624640 53284.342224

IInfo: 1492649439.781780 4.003840 0.676880 43863.322205

IInfo: 1492649461.153619 5.002240 0.807760 28130.096344

IInfo: 1492649482.514050 6.000640 0.674880 53199.312317

IInfo: 1492649503.944426 7.004160 0.966640 6725.797546

IInfo: 1492649525.266236 8.002560 0.953920 9322.645790

IInfo: 1492649546.617468 9.000960 0.997680 1106.929217

IInfo: 1492649568.068115 10.004480 0.999920 299.931480

