IInfo: 1492629262.790771 0.000000 0.099100 115132.507324

IInfo: 1492629288.576659 1.000960 0.504980 69039.178589

IInfo: 1492629314.084258 2.001920 0.649300 50041.510193

IInfo: 1492629339.470355 3.000320 0.697220 43521.727600

IInfo: 1492629364.965944 4.001280 0.752440 35858.931274

IInfo: 1492629390.535270 5.002240 0.743620 37544.159241

IInfo: 1492629416.014328 6.000640 0.840500 23050.774185

IInfo: 1492629441.522696 7.001600 0.861760 20092.050369

IInfo: 1492629466.915777 8.000000 0.887360 16713.899811

IInfo: 1492629492.404558 9.000960 0.893300 15109.757721

IInfo: 1492629517.884329 10.001920 0.895360 14934.124420

IInfo: 1492629543.359864 11.000320 0.935440 9385.167091

IInfo: 1492629568.846030 12.001280 0.936360 9170.966194

IInfo: 1492629594.446353 13.002240 0.942820 8369.918892

IInfo: 1492629619.989143 14.000640 0.959340 5958.064644

IInfo: 1492629645.484016 15.001600 0.963440 5458.942326

IInfo: 1492629670.889867 16.000000 0.960280 5911.313931

IInfo: 1492629696.345907 17.000960 0.961140 6029.941313

IInfo: 1492629721.841306 18.001920 0.961140 5972.499352

IInfo: 1492629747.292895 19.000320 0.978840 3117.579762

IInfo: 1492629772.774754 20.001280 0.980640 3071.588226

IInfo: 1492629798.313506 21.002240 0.975140 3845.461780

IInfo: 1492629823.721758 22.000640 0.982980 2604.297598

IInfo: 1492629849.170285 23.001600 0.985280 2264.171263

IInfo: 1492629874.619533 24.000000 0.988900 1705.894645

IInfo: 1492629900.091685 25.000960 0.988180 1839.710040

IInfo: 1492629925.578578 26.001920 0.991520 1289.922467

IInfo: 1492629950.993425 27.000320 0.991400 1352.840055

IInfo: 1492629976.471086 28.001280 0.987740 1863.612378

IInfo: 1492630001.933380 29.002240 0.987140 2009.628112

IInfo: 1492630027.333319 30.000640 0.993220 927.517390

IInfo: 1492630052.950150 31.001600 0.987280 2048.221766

IInfo: 1492630078.333291 32.000000 0.988560 1668.507917

IInfo: 1492630103.835418 33.000960 0.995300 749.035480

IInfo: 1492630129.298788 34.001920 0.994620 763.209074

