IInfo: 1492677501.640316 0.000000 0.099320 115132.557373

IInfo: 1492677524.626122 1.000960 0.511320 67229.895264

IInfo: 1492677547.046214 2.000640 0.565800 59442.063965

IInfo: 1492677569.621991 3.000320 0.692600 43046.934143

IInfo: 1492677592.251624 4.000000 0.781600 31545.707214

IInfo: 1492677614.984851 5.000960 0.774040 30354.059540

IInfo: 1492677637.727794 6.000640 0.872840 18035.174149

IInfo: 1492677660.438271 7.000320 0.886240 16583.467041

IInfo: 1492677683.198251 8.000000 0.970480 4763.147554

IInfo: 1492677705.961429 9.000960 0.978400 3359.261538

IInfo: 1492677728.739172 10.000640 0.988960 1885.090849

IInfo: 1492677751.486333 11.000320 0.996840 683.756151

