IInfo: 1492641313.329949 0.000000 0.099320 115132.558105

IInfo: 1492641338.584950 1.000000 0.635520 51099.894775

IInfo: 1492641363.537740 2.000000 0.765120 34117.459991

IInfo: 1492641388.546991 3.000000 0.846080 22061.377914

IInfo: 1492641413.540725 4.000000 0.907760 13010.567879

IInfo: 1492641438.597741 5.000000 0.930480 9970.139347

IInfo: 1492641463.643929 6.000000 0.957560 6266.491299

IInfo: 1492641488.708358 7.000000 0.979120 3063.157355

IInfo: 1492641513.728962 8.000000 0.964240 5474.944193

IInfo: 1492641538.769126 9.000000 0.988840 1728.218936

IInfo: 1492641563.816977 10.000000 0.976000 3504.836615

IInfo: 1492641588.840128 11.000000 0.977120 3656.326635

IInfo: 1492641613.890524 12.000000 0.990920 1430.017704

IInfo: 1492641638.901405 13.000000 0.984200 2331.329630

IInfo: 1492641663.925364 14.000000 0.997160 405.766902

