IInfo: 1492643618.931111 0.000000 0.099100 115132.508057

IInfo: 1492643640.535052 1.003520 0.413220 80266.416748

IInfo: 1492643661.757195 2.001920 0.516040 65846.453979

IInfo: 1492643683.030137 3.000320 0.584040 57012.042847

IInfo: 1492643704.376663 4.003840 0.577900 58443.063965

IInfo: 1492643725.641171 5.002240 0.679160 45600.862732

IInfo: 1492643746.896631 6.000640 0.717540 40310.852051

IInfo: 1492643768.257452 7.004160 0.734920 37540.908447

IInfo: 1492643789.516166 8.002560 0.774960 32351.293701

IInfo: 1492643810.784145 9.000960 0.803180 28255.546814

IInfo: 1492643832.141599 10.004480 0.805260 27950.268402

IInfo: 1492643853.402415 11.002880 0.830580 24115.635498

IInfo: 1492643874.675159 12.001280 0.867560 19293.597336

IInfo: 1492643896.057055 13.004800 0.884000 16837.773773

IInfo: 1492643917.312196 14.003200 0.825080 24702.297607

IInfo: 1492643938.628103 15.001600 0.880440 17100.555725

IInfo: 1492643959.920568 16.000000 0.920480 11481.779594

IInfo: 1492643981.299163 17.003520 0.925760 10449.714157

IInfo: 1492644002.586468 18.001920 0.959440 6201.458031

IInfo: 1492644023.848565 19.000320 0.958640 6077.973492

IInfo: 1492644045.271819 20.003840 0.712780 44772.710083

IInfo: 1492644066.548174 21.002240 0.984860 2524.212634

IInfo: 1492644087.813287 22.000640 0.993800 1250.185828

IInfo: 1492644109.168706 23.004160 0.997920 657.747150

