IInfo: 1492661816.122984 0.000000 0.099100 115132.506348

IInfo: 1492661841.516586 1.003520 0.327220 99312.527954

IInfo: 1492661866.472865 2.007040 0.467680 81466.558350

IInfo: 1492661891.122797 3.000320 0.512840 75166.973755

IInfo: 1492661916.029793 4.003840 0.555820 68758.058716

IInfo: 1492661940.958253 5.007360 0.596960 64007.078857

IInfo: 1492661965.625634 6.000640 0.603920 62672.807373

IInfo: 1492661990.551590 7.004160 0.647760 56547.975220

IInfo: 1492662015.462043 8.007680 0.658580 53519.261658

IInfo: 1492662040.179507 9.000960 0.678680 51006.210999

IInfo: 1492662065.116116 10.004480 0.701340 47831.794739

IInfo: 1492662090.056926 11.008000 0.715020 45924.891418

IInfo: 1492662114.775907 12.001280 0.712920 44959.004028

IInfo: 1492662139.690223 13.004800 0.747080 41556.150330

IInfo: 1492662164.629807 14.008320 0.758360 39737.993103

IInfo: 1492662189.318886 15.001600 0.748320 40699.546143

IInfo: 1492662214.228595 16.005120 0.783840 35922.841003

IInfo: 1492662239.142202 17.008640 0.775780 36291.117004

IInfo: 1492662263.847488 18.001920 0.790540 34292.801880

IInfo: 1492662288.790606 19.005440 0.800240 33373.854126

IInfo: 1492662313.717102 20.008960 0.822560 31042.727966

IInfo: 1492662338.412056 21.002240 0.826340 29321.390686

IInfo: 1492662363.365767 22.005760 0.829380 28799.049469

IInfo: 1492662388.299255 23.009280 0.817940 30240.917664

IInfo: 1492662412.979033 24.002560 0.856640 25960.978882

IInfo: 1492662437.909926 25.006080 0.829480 28593.320984

IInfo: 1492662462.827583 26.009600 0.858300 25565.352936

IInfo: 1492662487.476887 27.002880 0.873660 23231.342804

IInfo: 1492662512.411993 28.006400 0.869740 23353.850952

IInfo: 1492662537.349267 29.009920 0.874120 22375.956207

IInfo: 1492662562.054520 30.003200 0.889800 20954.526520

IInfo: 1492662586.983745 31.006720 0.879920 21387.595001

IInfo: 1492662611.657009 32.000000 0.883980 20291.953644

IInfo: 1492662636.577672 33.003520 0.909080 18299.794769

IInfo: 1492662661.497414 34.007040 0.901380 18939.773956

IInfo: 1492662686.153060 35.000320 0.912280 16961.872284

IInfo: 1492662711.058066 36.003840 0.918780 16810.657043

IInfo: 1492662735.968264 37.007360 0.934420 15262.528534

IInfo: 1492662760.638981 38.000640 0.935880 14627.728485

IInfo: 1492662785.570063 39.004160 0.935880 14288.182236

IInfo: 1492662810.533201 40.007680 0.935380 14483.747177

IInfo: 1492662835.214097 41.000960 0.939800 12898.115829

IInfo: 1492662860.115962 42.004480 0.948940 13083.176208

IInfo: 1492662885.022679 43.008000 0.944240 12742.357071

IInfo: 1492662909.690575 44.001280 0.947060 11947.259872

IInfo: 1492662934.594434 45.004800 0.950560 11608.314713

IInfo: 1492662959.518694 46.008320 0.956040 11403.229401

IInfo: 1492662984.197896 47.001600 0.956360 10552.618179

IInfo: 1492663009.143997 48.005120 0.961980 9888.023132

IInfo: 1492663034.065135 49.008640 0.965420 9030.048416

IInfo: 1492663058.737900 50.001920 0.970820 8666.421204

IInfo: 1492663083.646348 51.005440 0.957380 9749.158966

IInfo: 1492663108.543614 52.008960 0.964780 8594.396851

IInfo: 1492663133.200523 53.002240 0.973920 8268.177628

IInfo: 1492663158.105484 54.005760 0.976960 7405.823372

IInfo: 1492663182.999861 55.009280 0.976100 7101.518608

IInfo: 1492663207.665731 56.002560 0.976200 6420.189346

IInfo: 1492663232.606615 57.006080 0.980060 6169.665016

IInfo: 1492663257.532299 58.009600 0.974640 6673.664742

IInfo: 1492663282.223614 59.002880 0.979440 5862.362946

IInfo: 1492663307.151395 60.006400 0.969900 6875.232216

IInfo: 1492663332.077229 61.009920 0.982400 5154.744568

IInfo: 1492663356.731479 62.003200 0.986920 4424.436096

IInfo: 1492663381.653229 63.006720 0.984360 5038.265656

IInfo: 1492663406.329578 64.000000 0.986400 4242.837914

IInfo: 1492663431.244317 65.003520 0.988160 4085.097412

IInfo: 1492663456.155857 66.007040 0.987140 3964.383369

IInfo: 1492663480.837838 67.000320 0.991480 3316.977268

IInfo: 1492663505.787422 68.003840 0.991700 3480.246346

IInfo: 1492663530.724419 69.007360 0.990780 3455.908306

IInfo: 1492663555.402459 70.000640 0.990260 3629.930683

IInfo: 1492663580.319084 71.004160 0.989260 3280.804443

IInfo: 1492663605.233662 72.007680 0.992880 3060.868855

IInfo: 1492663629.910916 73.000960 0.988380 3504.791279

IInfo: 1492663654.826646 74.004480 0.994680 2581.048920

IInfo: 1492663679.731704 75.008000 0.993440 2649.926075

IInfo: 1492663704.383858 76.001280 0.995440 2164.759123

IInfo: 1492663729.338080 77.004800 0.996180 2174.206030

