IInfo: 1492667660.979658 0.000000 0.099320 115132.558350

IInfo: 1492667682.732171 1.003520 0.273720 102026.501099

IInfo: 1492667703.875044 2.007040 0.335720 91728.288696

IInfo: 1492667724.796620 3.000320 0.401120 81949.312256

IInfo: 1492667745.933089 4.003840 0.447280 75540.658447

IInfo: 1492667767.072813 5.007360 0.475200 72151.129395

IInfo: 1492667787.995907 6.000640 0.497000 68625.180176

IInfo: 1492667809.159349 7.004160 0.526960 65365.871216

IInfo: 1492667830.288308 8.007680 0.555920 61481.009888

IInfo: 1492667851.226313 9.000960 0.566520 60154.657104

IInfo: 1492667872.376781 10.004480 0.590240 56582.196167

IInfo: 1492667893.508882 11.008000 0.610640 54332.413269

IInfo: 1492667914.448971 12.001280 0.622840 52950.421021

IInfo: 1492667935.583355 13.004800 0.636640 49950.960693

IInfo: 1492667956.737956 14.008320 0.645960 49207.655090

IInfo: 1492667977.647224 15.001600 0.669040 47075.723999

IInfo: 1492667998.804340 16.005120 0.686120 43585.224426

IInfo: 1492668019.958868 17.008640 0.708400 41036.804260

IInfo: 1492668040.868587 18.001920 0.716160 40595.107910

IInfo: 1492668062.020676 19.005440 0.718200 39410.415894

IInfo: 1492668083.167933 20.008960 0.743560 36670.396545

IInfo: 1492668104.108734 21.002240 0.768200 34013.302368

IInfo: 1492668125.237509 22.005760 0.758000 34286.434326

IInfo: 1492668146.359824 23.009280 0.801960 29421.169800

IInfo: 1492668167.279461 24.002560 0.807440 28489.050842

IInfo: 1492668188.405276 25.006080 0.773000 31334.924683

IInfo: 1492668209.552574 26.009600 0.840080 24500.760254

IInfo: 1492668230.454793 27.002880 0.844680 23068.372345

IInfo: 1492668251.601619 28.006400 0.830560 24024.566650

IInfo: 1492668272.727165 29.009920 0.844000 22422.955383

IInfo: 1492668293.632719 30.003200 0.857440 20803.570068

IInfo: 1492668314.770374 31.006720 0.882560 17737.398071

IInfo: 1492668335.678220 32.000000 0.874440 17657.698547

IInfo: 1492668356.826445 33.003520 0.916560 13591.618134

IInfo: 1492668377.960042 34.007040 0.922920 12351.715454

IInfo: 1492668398.874342 35.000320 0.925880 11802.101013

IInfo: 1492668419.995476 36.003840 0.949720 9173.592407

IInfo: 1492668441.135385 37.007360 0.948880 8802.910324

IInfo: 1492668462.055380 38.000640 0.965600 7251.317154

IInfo: 1492668483.189598 39.004160 0.789760 29728.904877

IInfo: 1492668504.325516 40.007680 0.977720 5158.654808

IInfo: 1492668525.220872 41.000960 0.982240 5435.002548

IInfo: 1492668546.339929 42.004480 0.984280 4959.310768

IInfo: 1492668567.475040 43.008000 0.993960 2819.723793

IInfo: 1492668588.387559 44.001280 0.992720 3562.733765

IInfo: 1492668609.520123 45.004800 0.996560 1922.884386

