IInfo: 1492670950.277100 0.000000 0.093280 115141.722900

IInfo: 1492670971.915421 1.003520 0.261920 101136.039551

IInfo: 1492670993.050485 2.007040 0.334400 92839.497437

IInfo: 1492671013.962216 3.000320 0.419200 79024.048584

IInfo: 1492671035.086852 4.003840 0.465120 74726.066650

IInfo: 1492671056.226387 5.007360 0.507200 67796.380005

IInfo: 1492671077.129936 6.000640 0.536160 63770.619263

IInfo: 1492671098.255377 7.004160 0.573760 58741.986572

IInfo: 1492671119.414254 8.007680 0.607360 55424.355408

IInfo: 1492671140.332774 9.000960 0.613120 54180.762878

IInfo: 1492671161.470752 10.004480 0.673600 45611.432617

IInfo: 1492671182.564501 11.008000 0.729920 39508.510315

IInfo: 1492671203.481989 12.001280 0.643680 49648.973938

IInfo: 1492671224.638870 13.004800 0.796480 30611.674438

IInfo: 1492671245.769663 14.008320 0.829760 26983.070770

IInfo: 1492671266.711741 15.001600 0.862560 21540.296082

IInfo: 1492671287.837236 16.005120 0.909920 15798.468628

IInfo: 1492671308.994864 17.008640 0.798400 44667.732727

IInfo: 1492671329.908888 18.001920 0.877280 16244.795563

IInfo: 1492671351.044374 19.005440 0.980640 8928.878479

IInfo: 1492671372.181672 20.008960 0.919200 17492.947906

IInfo: 1492671393.090421 21.002240 0.996960 3035.302670

