IInfo: 1492645029.717339 0.000000 0.099100 115132.508301

IInfo: 1492645055.438188 1.003520 0.425320 82398.753418

IInfo: 1492645080.382226 2.001920 0.472340 75225.343994

IInfo: 1492645105.367893 3.000320 0.591080 58340.397095

IInfo: 1492645130.432236 4.003840 0.669180 48295.163818

IInfo: 1492645155.407653 5.002240 0.688580 45627.111572

IInfo: 1492645180.414810 6.000640 0.760440 36417.799805

IInfo: 1492645205.455995 7.004160 0.785200 32808.814453

IInfo: 1492645230.429602 8.002560 0.752560 36862.557312

IInfo: 1492645255.360474 9.000960 0.804400 29483.804565

IInfo: 1492645280.447709 10.004480 0.842200 25058.369629

IInfo: 1492645305.389179 11.002880 0.837100 24788.472229

IInfo: 1492645330.326001 12.001280 0.871740 20136.223480

IInfo: 1492645355.461146 13.004800 0.898840 17004.826904

IInfo: 1492645380.399901 14.003200 0.910000 15255.781479

IInfo: 1492645405.372951 15.001600 0.918060 13531.117004

IInfo: 1492645430.322586 16.000000 0.934500 11301.181625

IInfo: 1492645455.448423 17.003520 0.939960 10235.381256

IInfo: 1492645480.374497 18.001920 0.940540 9749.536400

IInfo: 1492645505.280394 19.000320 0.951200 8056.150482

IInfo: 1492645530.342390 20.003840 0.963440 6659.583595

IInfo: 1492645555.251505 21.002240 0.945900 8361.526321

IInfo: 1492645580.217335 22.000640 0.968740 5172.431370

IInfo: 1492645605.295932 23.004160 0.963440 5694.838257

IInfo: 1492645630.233266 24.002560 0.978960 3642.398960

IInfo: 1492645655.144439 25.000960 0.977280 3603.194481

IInfo: 1492645680.222226 26.004480 0.979500 3256.017939

IInfo: 1492645705.141016 27.002880 0.975800 3785.830017

IInfo: 1492645730.050922 28.001280 0.986880 2208.643497

IInfo: 1492645755.106317 29.004800 0.982840 2705.120869

IInfo: 1492645780.070190 30.003200 0.991280 1592.212042

IInfo: 1492645804.987226 31.001600 0.990840 1539.889475

IInfo: 1492645829.941313 32.000000 0.993100 1213.004736

IInfo: 1492645855.001682 33.003520 0.993700 1161.408026

IInfo: 1492645879.949268 34.001920 0.996060 723.391219

IInfo: 1492645904.875309 35.000320 0.995900 749.129841

