IInfo: 1492665049.560110 0.000000 0.099100 230265.014893

IInfo: 1492665092.396776 1.003520 0.344960 180930.516724

IInfo: 1492665134.141659 2.001920 0.447840 152806.196411

IInfo: 1492665175.906644 3.000320 0.500660 138231.114868

IInfo: 1492665217.866709 4.003840 0.516780 134804.673462

IInfo: 1492665259.634298 5.002240 0.559820 121545.602905

IInfo: 1492665301.401214 6.000640 0.606100 109335.710754

IInfo: 1492665343.371205 7.004160 0.640340 102062.317017

IInfo: 1492665385.123205 8.002560 0.643840 99287.053833

IInfo: 1492665426.870980 9.000960 0.685360 89144.121338

IInfo: 1492665468.846317 10.004480 0.699600 84270.811401

IInfo: 1492665510.608927 11.002880 0.728360 77570.817017

IInfo: 1492665552.346424 12.001280 0.750140 71599.994568

IInfo: 1492665594.315207 13.004800 0.736500 73474.620850

IInfo: 1492665636.057084 14.003200 0.768880 66243.530579

IInfo: 1492665677.806538 15.001600 0.798380 58527.363342

IInfo: 1492665719.537534 16.000000 0.806920 56287.280365

IInfo: 1492665761.512629 17.003520 0.796760 58408.413452

IInfo: 1492665803.286510 18.001920 0.836960 48104.924500

IInfo: 1492665845.043122 19.000320 0.857020 42960.219330

IInfo: 1492665887.001162 20.003840 0.810280 53051.938873

IInfo: 1492665928.766345 21.002240 0.867160 39127.522308

IInfo: 1492665970.508600 22.000640 0.882520 35242.847992

IInfo: 1492666012.494781 23.004160 0.867620 37529.521790

IInfo: 1492666054.241009 24.002560 0.896220 30209.121780

IInfo: 1492666095.957996 25.000960 0.918620 27550.962723

IInfo: 1492666137.936636 26.004480 0.888380 30800.506882

IInfo: 1492666179.708605 27.002880 0.942860 19172.576431

IInfo: 1492666221.460368 28.001280 0.953180 17654.851440

IInfo: 1492666263.426473 29.004800 0.940060 18631.640747

IInfo: 1492666305.170337 30.003200 0.968740 12319.992882

IInfo: 1492666346.930483 31.001600 0.979620 9912.704552

IInfo: 1492666388.671443 32.000000 0.983660 7844.462399

IInfo: 1492666430.634106 33.003520 0.980980 7723.703014

IInfo: 1492666472.364357 34.001920 0.993840 4589.839878

IInfo: 1492666514.100274 35.000320 0.995420 3852.861773

IInfo: 1492666556.021759 36.003840 0.997380 3029.197393

