IInfo: 1492672229.220846 0.000000 0.099100 115132.507324

IInfo: 1492672252.426991 1.000960 0.497880 68985.655884

IInfo: 1492672275.119285 2.000640 0.610160 55376.186646

IInfo: 1492672297.780940 3.000320 0.673420 46010.453613

IInfo: 1492672320.501931 4.000000 0.729480 38803.805359

IInfo: 1492672343.249694 5.000960 0.769700 33155.159973

IInfo: 1492672365.941844 6.000640 0.804740 28165.147430

IInfo: 1492672388.718747 7.000320 0.827420 24692.127808

IInfo: 1492672411.389898 8.000000 0.853860 20825.358444

IInfo: 1492672434.157225 9.000960 0.870360 18723.896927

IInfo: 1492672456.897048 10.000640 0.898820 14282.020584

IInfo: 1492672479.596131 11.000320 0.893760 14783.175537

IInfo: 1492672502.367881 12.000000 0.914280 12164.278664

IInfo: 1492672525.071259 13.000960 0.937740 8763.933180

IInfo: 1492672547.790991 14.000640 0.917760 12104.942200

IInfo: 1492672570.518088 15.000320 0.934020 9476.076981

IInfo: 1492672593.204549 16.000000 0.928440 10716.384918

IInfo: 1492672615.979469 17.000960 0.947940 7513.296570

IInfo: 1492672638.647092 18.000640 0.972860 3864.004616

IInfo: 1492672661.401281 19.000320 0.958920 5917.960289

IInfo: 1492672684.111073 20.000000 0.970520 4444.544207

IInfo: 1492672706.900426 21.000960 0.976720 3371.739699

IInfo: 1492672729.664931 22.000640 0.979020 3125.306597

IInfo: 1492672752.378403 23.000320 0.973240 3814.999834

IInfo: 1492672775.100492 24.000000 0.987420 1921.028205

IInfo: 1492672797.843638 25.000960 0.981520 2924.090420

IInfo: 1492672820.494004 26.000640 0.991700 1254.887040

IInfo: 1492672843.242344 27.000320 0.992900 1059.273438

IInfo: 1492672865.886620 28.000000 0.992260 1178.179172

IInfo: 1492672888.637804 29.000960 0.986740 2020.280987

IInfo: 1492672911.372922 30.000640 0.995720 702.296501

IInfo: 1492672934.054835 31.000320 0.991020 1278.947659

