IInfo: 1492675998.914147 0.000000 0.099100 230265.013916

IInfo: 1492676044.890813 1.000320 0.620520 108417.763855

IInfo: 1492676090.669080 2.000000 0.722740 78756.017822

IInfo: 1492676136.345382 3.000320 0.809880 55052.236237

IInfo: 1492676181.975132 4.000000 0.851960 42218.330902

IInfo: 1492676227.654243 5.000320 0.902400 27914.592934

IInfo: 1492676273.340715 6.000000 0.933560 19213.130241

IInfo: 1492676319.253272 7.000320 0.964940 10315.926600

IInfo: 1492676364.887556 8.000000 0.968760 8816.268139

IInfo: 1492676410.639282 9.000320 0.976160 6692.546917

IInfo: 1492676456.344576 10.000000 0.981060 5459.872139

IInfo: 1492676502.118452 11.000320 0.990080 3042.445647

IInfo: 1492676547.828615 12.000000 0.992700 2246.256513

IInfo: 1492676593.590150 13.000320 0.991740 2682.480628

IInfo: 1492676639.262460 14.000000 0.999000 424.868984

