IInfo: 1492632345.464083 0.000000 0.099320 115132.557373

IInfo: 1492632367.473768 1.000960 0.496160 68644.350586

IInfo: 1492632389.214148 2.001920 0.600440 55475.315552

IInfo: 1492632410.990103 3.000320 0.673800 44802.951233

IInfo: 1492632432.829598 4.001280 0.764960 33402.034760

IInfo: 1492632454.648543 5.002240 0.790800 28768.738403

IInfo: 1492632476.378478 6.000640 0.895120 15591.607468

IInfo: 1492632498.207140 7.001600 0.925320 10904.681984

IInfo: 1492632519.929027 8.000000 0.975480 4307.447601

IInfo: 1492632541.720755 9.000960 0.968480 5480.784241

IInfo: 1492632563.503125 10.001920 0.996200 1071.040489

IInfo: 1492632585.260323 11.000320 0.999040 275.221262

