IInfo: 1492651288.370643 0.000000 0.099100 115132.507812

IInfo: 1492651311.052236 1.000320 0.529940 65174.074219

IInfo: 1492651332.983674 2.000000 0.640700 50399.963074

IInfo: 1492651354.870098 3.000320 0.723500 39461.096191

IInfo: 1492651376.750393 4.000000 0.762900 33971.961914

IInfo: 1492651398.637989 5.000320 0.803720 28314.415192

IInfo: 1492651420.542665 6.000000 0.826500 24758.814331

IInfo: 1492651442.441261 7.000320 0.851840 21375.378510

IInfo: 1492651464.346294 8.000000 0.870180 18304.665573

IInfo: 1492651486.243738 9.000320 0.892300 15414.542770

IInfo: 1492651508.109437 10.000000 0.906400 13191.668449

IInfo: 1492651530.022506 11.000320 0.903860 13788.690857

IInfo: 1492651551.902959 12.000000 0.932020 9672.572380

IInfo: 1492651573.792011 13.000320 0.910700 13344.874046

IInfo: 1492651595.684056 14.000000 0.944120 8012.114702

IInfo: 1492651617.614733 15.000320 0.937160 9066.653889

IInfo: 1492651639.490356 16.000000 0.947840 7719.905533

IInfo: 1492651661.416577 17.000320 0.957360 6557.916155

IInfo: 1492651683.283607 18.000000 0.960700 5918.020226

IInfo: 1492651705.192375 19.000320 0.961740 5929.345608

IInfo: 1492651727.083023 20.000000 0.965680 5307.050842

IInfo: 1492651748.991316 21.000320 0.968940 4458.810591

IInfo: 1492651770.889482 22.000000 0.974280 3771.739464

IInfo: 1492651792.798254 23.000320 0.982040 2732.979327

IInfo: 1492651814.713561 24.000000 0.979040 3181.582386

IInfo: 1492651836.625930 25.000320 0.982800 2563.451257

IInfo: 1492651858.516083 26.000000 0.986020 2167.436282

IInfo: 1492651880.444590 27.000320 0.990940 1326.082603

IInfo: 1492651902.349843 28.000000 0.994700 770.769689

IInfo: 1492651924.246947 29.000320 0.993940 941.857098

IInfo: 1492651946.177029 30.000000 0.991780 1224.070121

IInfo: 1492651968.102904 31.000320 0.993440 941.167086

IInfo: 1492651990.011477 32.000000 0.973800 4416.012918

IInfo: 1492652011.918764 33.000320 0.993640 1004.581469

IInfo: 1492652033.835670 34.000000 0.989960 1495.893836

IInfo: 1492652055.753259 35.000320 0.984720 2465.510809

IInfo: 1492652077.633980 36.000000 0.992400 1078.800546

IInfo: 1492652099.562500 37.000320 0.995900 644.338131

IInfo: 1492652121.445362 38.000000 0.992760 1257.584692

