IInfo: 1492637134.620915 0.000000 0.099100 115132.506592

IInfo: 1492637166.435006 1.000000 0.499860 74858.746094

IInfo: 1492637198.163705 2.000000 0.592200 62746.427490

IInfo: 1492637229.861974 3.000000 0.669940 49838.358337

IInfo: 1492637261.575028 4.000000 0.717020 44352.205688

IInfo: 1492637293.292379 5.000000 0.737120 39630.912292

IInfo: 1492637325.070352 6.000000 0.773620 34855.178284

IInfo: 1492637356.865354 7.000000 0.791820 31872.579224

IInfo: 1492637388.560261 8.000000 0.808500 28943.750458

IInfo: 1492637420.349989 9.000000 0.818600 27012.934906

IInfo: 1492637452.056457 10.000000 0.849460 23532.789398

IInfo: 1492637483.815949 11.000000 0.860280 21902.335144

IInfo: 1492637515.507913 12.000000 0.868820 20156.972839

IInfo: 1492637547.271785 13.000000 0.903940 16233.185196

IInfo: 1492637579.003139 14.000000 0.898300 15633.540802

IInfo: 1492637610.775487 15.000000 0.908500 14714.934113

IInfo: 1492637642.531292 16.000000 0.924920 12001.747818

IInfo: 1492637674.307249 17.000000 0.922660 11693.650276

IInfo: 1492637706.041815 18.000000 0.944480 9433.241676

IInfo: 1492637737.801739 19.000000 0.953020 8347.585739

IInfo: 1492637769.522522 20.000000 0.959820 6887.172146

IInfo: 1492637801.274459 21.000000 0.968960 5736.489021

IInfo: 1492637833.005185 22.000000 0.951780 7281.041092

IInfo: 1492637864.733780 23.000000 0.969920 4911.026749

IInfo: 1492637896.481237 24.000000 0.974540 4263.901398

IInfo: 1492637928.197040 25.000000 0.975360 4172.058884

IInfo: 1492637959.925899 26.000000 0.978620 3422.609283

IInfo: 1492637991.623807 27.000000 0.983000 2929.357523

IInfo: 1492638023.407612 28.000000 0.975860 3713.451038

IInfo: 1492638055.116761 29.000000 0.980400 3065.301798

IInfo: 1492638086.843524 30.000000 0.982120 2683.823463

IInfo: 1492638118.621911 31.000000 0.989780 1698.194701

IInfo: 1492638150.367678 32.000000 0.985900 2177.379670

IInfo: 1492638182.081900 33.000000 0.990940 1510.984968

IInfo: 1492638213.811585 34.000000 0.986960 1988.094610

IInfo: 1492638245.588659 35.000000 0.992380 1228.450835

IInfo: 1492638277.341118 36.000000 0.994240 960.333723

IInfo: 1492638309.062812 37.000000 0.992180 1273.552628

IInfo: 1492638340.786722 38.000000 0.993980 927.987585

IInfo: 1492638372.553654 39.000000 0.993600 1005.632738

IInfo: 1492638404.295465 40.000000 0.994580 941.305808

IInfo: 1492638436.065122 41.000000 0.992380 1217.535925

IInfo: 1492638467.803753 42.000000 0.994460 792.689932

IInfo: 1492638499.577276 43.000000 0.996980 582.231222

IInfo: 1492638531.282727 44.000000 0.994040 912.042739

