IInfo: 1492646851.617858 0.000000 0.099100 230265.014648

IInfo: 1492646894.652850 1.000960 0.517600 133368.917114

IInfo: 1492646937.418321 2.001920 0.633560 102878.235413

IInfo: 1492646980.049306 3.000320 0.710120 82135.631165

IInfo: 1492647022.851553 4.001280 0.792380 60264.468109

IInfo: 1492647065.614587 5.002240 0.820700 51629.703522

IInfo: 1492647108.217356 6.000640 0.885940 34651.673660

IInfo: 1492647150.969412 7.001600 0.919820 25617.718903

IInfo: 1492647193.527707 8.000000 0.904680 28231.255280

IInfo: 1492647236.261599 9.000960 0.971560 10432.476860

IInfo: 1492647279.027067 10.001920 0.975520 9265.490177

IInfo: 1492647321.619184 11.000320 0.998200 1461.794273

IInfo: 1492647364.299369 12.001280 0.999880 401.022355

