IInfo: 1492659236.049958 0.000000 0.099100 115132.508545

IInfo: 1492659257.773951 1.003520 0.256540 102710.021973

IInfo: 1492659278.835048 2.007040 0.343140 90416.663696

IInfo: 1492659299.661675 3.000320 0.417600 80243.578857

IInfo: 1492659320.727164 4.003840 0.444740 75899.886108

IInfo: 1492659341.817322 5.007360 0.487540 71421.496582

IInfo: 1492659362.658559 6.000640 0.456320 75188.615967

IInfo: 1492659383.723003 7.004160 0.519580 66043.101196

IInfo: 1492659404.804206 8.007680 0.546800 62816.337646

IInfo: 1492659425.641551 9.000960 0.521100 65683.011108

IInfo: 1492659446.716491 10.004480 0.574960 59396.306641

IInfo: 1492659467.798100 11.008000 0.593020 57765.181519

IInfo: 1492659488.661064 12.001280 0.588880 57097.369141

IInfo: 1492659509.719220 13.004800 0.633920 52171.638306

IInfo: 1492659530.793674 14.008320 0.624240 53133.452820

IInfo: 1492659551.662544 15.001600 0.632200 51378.889893

IInfo: 1492659572.738427 16.005120 0.670700 47167.805847

IInfo: 1492659593.816699 17.008640 0.675580 46418.757263

IInfo: 1492659614.682353 18.001920 0.673200 45990.043152

IInfo: 1492659635.755327 19.005440 0.707820 42092.945862

IInfo: 1492659656.865673 20.008960 0.703860 42332.362793

IInfo: 1492659677.726086 21.002240 0.715420 40523.535950

IInfo: 1492659698.781494 22.005760 0.719780 39928.922546

IInfo: 1492659719.849776 23.009280 0.717820 39802.445312

IInfo: 1492659740.700307 24.002560 0.738520 37409.881836

IInfo: 1492659761.772458 25.006080 0.733360 37624.085815

IInfo: 1492659782.835427 26.009600 0.750680 35261.421143

IInfo: 1492659803.686855 27.002880 0.754000 35299.507019

IInfo: 1492659824.768111 28.006400 0.747960 36342.342102

IInfo: 1492659845.850093 29.009920 0.752160 34629.083862

IInfo: 1492659866.710114 30.003200 0.777300 31758.683044

IInfo: 1492659887.792062 31.006720 0.785200 31111.340149

IInfo: 1492659908.637710 32.000000 0.784580 30885.992249

IInfo: 1492659929.698949 33.003520 0.792500 29343.794250

IInfo: 1492659950.768595 34.007040 0.818740 26354.171600

IInfo: 1492659971.619621 35.000320 0.804880 27715.874939

IInfo: 1492659992.683025 36.003840 0.820460 25691.753632

IInfo: 1492660013.752198 37.007360 0.833380 24681.196472

IInfo: 1492660034.592210 38.000640 0.779140 31683.794495

IInfo: 1492660055.655522 39.004160 0.843240 22716.041016

IInfo: 1492660076.747699 40.007680 0.860140 20727.103149

IInfo: 1492660097.604577 41.000960 0.834640 23455.870789

IInfo: 1492660118.675083 42.004480 0.869200 19120.083862

IInfo: 1492660139.734541 43.008000 0.818180 25464.601776

IInfo: 1492660160.578493 44.001280 0.865780 19259.381287

IInfo: 1492660181.654498 45.004800 0.877880 17951.490082

IInfo: 1492660202.739774 46.008320 0.884360 18206.269684

IInfo: 1492660223.587698 47.001600 0.867380 18863.802368

IInfo: 1492660244.651054 48.005120 0.904500 14473.176941

IInfo: 1492660265.715962 49.008640 0.883840 16625.986359

IInfo: 1492660286.575567 50.001920 0.858200 20227.046143

IInfo: 1492660307.640285 51.005440 0.912900 13019.594849

IInfo: 1492660328.712327 52.008960 0.916820 12472.991699

IInfo: 1492660349.554282 53.002240 0.900060 14050.569336

IInfo: 1492660370.639857 54.005760 0.941980 9537.130249

IInfo: 1492660391.713110 55.009280 0.946060 9781.910034

IInfo: 1492660412.556892 56.002560 0.947780 8673.647430

IInfo: 1492660433.631765 57.006080 0.951920 8028.316383

IInfo: 1492660454.692911 58.009600 0.962820 6708.613235

IInfo: 1492660475.548929 59.002880 0.450440 235831.703613

IInfo: 1492660496.608065 60.006400 0.937540 9465.354248

IInfo: 1492660517.670951 61.009920 0.977660 5183.089012

IInfo: 1492660538.503340 62.003200 0.968020 6921.531349

IInfo: 1492660559.571102 63.006720 0.956440 6753.784164

IInfo: 1492660580.409424 64.000000 0.954760 8412.154251

IInfo: 1492660601.469032 65.003520 0.979080 4913.780815

IInfo: 1492660622.527335 66.007040 0.985960 3613.874435

IInfo: 1492660643.361775 67.000320 0.987960 3640.939739

IInfo: 1492660664.427158 68.003840 0.988840 3022.753311

IInfo: 1492660685.497774 69.007360 0.992940 2318.840824

IInfo: 1492660706.355148 70.000640 0.965500 7168.021767

IInfo: 1492660727.401712 71.004160 0.994000 2199.175297

IInfo: 1492660748.466753 72.007680 0.996440 1698.990250

IInfo: 1492660769.332419 73.000960 0.995480 1644.419601

