IInfo: 1492635173.250232 0.000000 0.099100 115132.508545

IInfo: 1492635198.223021 1.000000 0.607560 55319.851501

IInfo: 1492635223.070176 2.000000 0.717580 40409.885132

IInfo: 1492635247.935901 3.000000 0.767700 33163.790436

IInfo: 1492635272.802443 4.000000 0.810820 27070.196320

IInfo: 1492635297.721356 5.000000 0.839080 22865.207764

IInfo: 1492635322.592470 6.000000 0.861900 19719.611099

IInfo: 1492635347.524581 7.000000 0.886780 16108.206932

IInfo: 1492635372.345675 8.000000 0.898660 14942.761749

IInfo: 1492635397.253476 9.000000 0.902140 14521.178009

IInfo: 1492635422.070552 10.000000 0.936100 9517.560629

IInfo: 1492635446.955724 11.000000 0.928620 11066.612080

IInfo: 1492635471.781289 12.000000 0.951320 7364.039574

IInfo: 1492635496.657033 13.000000 0.939460 9153.595985

IInfo: 1492635521.504357 14.000000 0.956340 6837.529604

IInfo: 1492635546.399323 15.000000 0.956680 6991.229742

IInfo: 1492635571.241975 16.000000 0.959480 6546.165838

IInfo: 1492635596.100790 17.000000 0.953300 7462.078541

IInfo: 1492635620.966913 18.000000 0.963400 5833.882294

IInfo: 1492635645.819633 19.000000 0.973980 4008.995542

IInfo: 1492635670.670527 20.000000 0.977720 3356.382972

IInfo: 1492635695.528217 21.000000 0.978240 3212.590114

IInfo: 1492635720.426891 22.000000 0.980180 3043.252769

IInfo: 1492635745.283160 23.000000 0.981480 2797.318346

IInfo: 1492635770.136252 24.000000 0.978860 3489.492165

IInfo: 1492635794.959273 25.000000 0.976660 3833.296234

IInfo: 1492635819.778537 26.000000 0.983280 2811.058850

IInfo: 1492635844.607532 27.000000 0.985180 2401.804898

IInfo: 1492635869.415892 28.000000 0.985980 2164.921153

IInfo: 1492635894.252046 29.000000 0.986200 2290.451430

IInfo: 1492635919.100979 30.000000 0.981480 3165.522145

IInfo: 1492635943.922543 31.000000 0.983600 2814.579515

IInfo: 1492635968.761060 32.000000 0.989080 1751.392120

IInfo: 1492635993.660939 33.000000 0.985820 2332.299202

IInfo: 1492636018.582951 34.000000 0.985860 2312.729379

IInfo: 1492636043.469298 35.000000 0.990740 1440.770146

IInfo: 1492636068.317742 36.000000 0.988820 1833.621181

IInfo: 1492636093.121879 37.000000 0.991680 1343.148961

IInfo: 1492636118.001903 38.000000 0.980280 3276.465780

IInfo: 1492636142.884843 39.000000 0.988220 2018.682425

IInfo: 1492636167.838191 40.000000 0.990380 1522.691144

IInfo: 1492636192.751834 41.000000 0.992000 1459.014276

IInfo: 1492636217.713194 42.000000 0.995540 748.098431

IInfo: 1492636242.615431 43.000000 0.991580 1424.761089

