IInfo: 1492655115.576989 0.000000 0.099100 230265.014648

IInfo: 1492655159.658933 1.000000 0.629500 104089.329346

IInfo: 1492655203.670034 2.000000 0.757180 69717.044403

IInfo: 1492655247.731520 3.000000 0.839140 46855.506836

IInfo: 1492655291.809113 4.000000 0.887060 32938.070084

IInfo: 1492655335.902460 5.000000 0.921020 22419.986443

IInfo: 1492655380.286631 6.000000 0.947940 15537.321678

IInfo: 1492655424.338632 7.000000 0.965460 9978.036568

IInfo: 1492655468.401441 8.000000 0.973940 7667.630157

IInfo: 1492655512.437504 9.000000 0.971060 8425.570421

IInfo: 1492655556.468762 10.000000 0.985300 4382.893846

IInfo: 1492655600.479101 11.000000 0.992000 2599.807239

IInfo: 1492655644.466336 12.000000 0.993220 2011.846137

IInfo: 1492655688.470857 13.000000 0.994220 1685.876728

IInfo: 1492655732.506606 14.000000 0.993180 2003.555595

IInfo: 1492655776.495023 15.000000 0.992900 1988.113271

IInfo: 1492655820.528827 16.000000 0.995260 1447.330121

