IInfo: 1492669510.498621 0.000000 0.099440 115139.901611

IInfo: 1492669531.943448 1.003520 0.274960 101926.670654

IInfo: 1492669552.860909 2.007040 0.343760 91752.009033

IInfo: 1492669573.554401 3.000320 0.343040 92822.465942

IInfo: 1492669594.453514 4.003840 0.446160 76902.183472

IInfo: 1492669615.332939 5.007360 0.499120 69519.760010

IInfo: 1492669636.033595 6.000640 0.508240 68231.774414

IInfo: 1492669656.937670 7.004160 0.549440 62160.583862

IInfo: 1492669677.849342 8.007680 0.581040 58246.047485

IInfo: 1492669698.587337 9.000960 0.578800 58340.780029

IInfo: 1492669719.506053 10.004480 0.602640 55227.640564

IInfo: 1492669740.418794 11.008000 0.607200 54600.530701

IInfo: 1492669761.113772 12.001280 0.599360 55705.450195

IInfo: 1492669782.016739 13.004800 0.643840 49497.567017

IInfo: 1492669802.983368 14.008320 0.685920 44210.988281

IInfo: 1492669823.680316 15.001600 0.652800 52133.677734

IInfo: 1492669844.559899 16.005120 0.692560 43361.188721

IInfo: 1492669865.453602 17.008640 0.768400 33853.668396

IInfo: 1492669886.116363 18.001920 0.725040 43734.685730

IInfo: 1492669907.008001 19.005440 0.799920 28492.922058

IInfo: 1492669927.888966 20.008960 0.841600 24940.285370

IInfo: 1492669948.599880 21.002240 0.784880 38398.632080

IInfo: 1492669969.555067 22.005760 0.882480 18197.665039

IInfo: 1492669990.470192 23.009280 0.851600 20982.375946

IInfo: 1492670011.161657 24.002560 0.910320 14860.117218

IInfo: 1492670032.104190 25.006080 0.935840 10508.461197

IInfo: 1492670053.069907 26.009600 0.972880 7222.279091

IInfo: 1492670073.760789 27.002880 0.959920 7296.221931

IInfo: 1492670094.663726 28.006400 0.980800 7274.328941

IInfo: 1492670115.579080 29.009920 0.996720 2428.043343

IInfo: 1492670136.272511 30.003200 0.998000 1747.837830

IInfo: 1492670157.180094 31.006720 0.998560 1706.787077

