IInfo: 1492631086.420733 0.000000 0.099100 230265.013916

IInfo: 1492631130.533611 1.000960 0.589320 114232.054443

IInfo: 1492631174.580246 2.000640 0.715300 80534.373291

IInfo: 1492631218.726595 3.000320 0.790120 60260.290466

IInfo: 1492631262.904522 4.000000 0.860260 41390.653564

IInfo: 1492631306.716779 5.000960 0.898680 29448.610611

IInfo: 1492631350.915296 6.000640 0.922820 20712.125595

IInfo: 1492631394.618505 7.000320 0.957660 11863.581493

IInfo: 1492631438.781304 8.000000 0.879640 35224.829330

IInfo: 1492631483.003778 9.000960 0.968920 9144.983784

IInfo: 1492631526.979553 10.000640 0.990160 3195.218246

IInfo: 1492631570.758543 11.000320 0.990060 3167.540240

IInfo: 1492631614.869309 12.000000 0.995540 1514.757715

