IInfo: 1492653034.941213 0.000000 0.099100 115132.507568

IInfo: 1492653062.938342 1.000320 0.499000 68600.567383

IInfo: 1492653090.792831 2.000000 0.663720 48548.799744

IInfo: 1492653118.606141 3.000320 0.743120 37001.985596

IInfo: 1492653146.486757 4.000000 0.766600 32757.926208

IInfo: 1492653174.423038 5.000320 0.793900 29342.738281

IInfo: 1492653202.432153 6.000000 0.812920 26654.348969

IInfo: 1492653230.363189 7.000320 0.856020 20560.641907

IInfo: 1492653258.151824 8.000000 0.890820 15657.090065

IInfo: 1492653285.916995 9.000320 0.901740 13861.350456

IInfo: 1492653313.823584 10.000000 0.915420 11713.567223

IInfo: 1492653341.793103 11.000320 0.930120 10016.249146

IInfo: 1492653369.772024 12.000000 0.942960 8061.680317

IInfo: 1492653397.676044 13.000320 0.946800 7791.170975

IInfo: 1492653425.528599 14.000000 0.948120 7485.525204

IInfo: 1492653453.397097 15.000320 0.956260 6333.390545

IInfo: 1492653481.172224 16.000000 0.965680 5159.136295

IInfo: 1492653508.854888 17.000320 0.974860 3756.035395

IInfo: 1492653536.645651 18.000000 0.964280 5315.485519

IInfo: 1492653564.592504 19.000320 0.967340 5068.091806

IInfo: 1492653592.603938 20.000000 0.986000 2101.108630

IInfo: 1492653620.545940 21.000320 0.975220 3809.957463

IInfo: 1492653648.254486 22.000000 0.984420 2378.425364

IInfo: 1492653676.092859 23.000320 0.986480 1985.899724

IInfo: 1492653703.851995 24.000000 0.986680 2045.414282

IInfo: 1492653731.709883 25.000320 0.988220 1676.359909

IInfo: 1492653759.476271 26.000000 0.990940 1357.722783

IInfo: 1492653787.250167 27.000320 0.983780 2538.809500

IInfo: 1492653814.982713 28.000000 0.988100 1709.423011

IInfo: 1492653842.741615 29.000320 0.985440 2191.319634

IInfo: 1492653870.500618 30.000000 0.989080 1665.516639

IInfo: 1492653898.195809 31.000320 0.990380 1481.068698

IInfo: 1492653925.890071 32.000000 0.987960 1968.547592

IInfo: 1492653953.649992 33.000320 0.988640 1838.561084

IInfo: 1492653981.390465 34.000000 0.991720 1153.851202

IInfo: 1492654009.181468 35.000320 0.988920 1704.670339

IInfo: 1492654036.921986 36.000000 0.992840 1119.013286

IInfo: 1492654064.741445 37.000320 0.989140 1650.131981

IInfo: 1492654092.514922 38.000000 0.994240 866.892655

IInfo: 1492654120.163410 39.000320 0.989160 1723.288592

IInfo: 1492654147.898884 40.000000 0.991920 1260.785463

IInfo: 1492654175.649254 41.000320 0.995720 642.234996

