IInfo: 1492810149.834138 0.000000 0.099100 230265.014648

IInfo: 1492810193.025731 1.000960 0.445400 151007.374878

IInfo: 1492810235.739434 2.001920 0.613000 107072.134827

IInfo: 1492810278.370873 3.000320 0.661720 95203.204468

IInfo: 1492810321.158212 4.001280 0.766560 67615.163452

IInfo: 1492810363.970345 5.002240 0.822600 51680.470215

IInfo: 1492810406.650426 6.000640 0.851920 43184.944183

IInfo: 1492810449.487098 7.001600 0.883640 33611.420929

IInfo: 1492810492.233261 8.000000 0.938800 18823.565453

IInfo: 1492810535.091103 9.000960 0.947580 14697.702049

IInfo: 1492810577.954793 10.001920 0.990600 4312.826559

IInfo: 1492810620.609315 11.000320 0.988460 4761.495975

IInfo: 1492810663.362289 12.001280 0.997360 1901.379148

