IInfo: 1492790312.508583 0.000000 0.099100 230265.013184

IInfo: 1492790356.815509 1.000960 0.561020 121627.965088

IInfo: 1492790400.908358 2.000640 0.695580 83951.204651

IInfo: 1492790444.749053 3.000320 0.767400 66827.402496

IInfo: 1492790488.638781 4.000000 0.845320 44150.233856

IInfo: 1492790533.004683 5.000960 0.915820 25396.702583

IInfo: 1492790577.099544 6.000640 0.947160 15926.685654

IInfo: 1492790621.145127 7.000320 0.962520 11026.876905

IInfo: 1492790665.142801 8.000000 0.974460 7286.260878

IInfo: 1492790709.219320 9.000960 0.989040 3527.982404

IInfo: 1492790753.146923 10.000640 0.986780 4524.046909

IInfo: 1492790797.156222 11.000320 0.997460 1029.565221

