IInfo: 1492808104.029575 0.000000 0.099100 115132.507812

IInfo: 1492808129.724913 1.003520 0.427640 79162.607422

IInfo: 1492808154.883878 2.001920 0.556820 64457.134766

IInfo: 1492808180.042662 3.000320 0.612020 56299.305359

IInfo: 1492808205.308934 4.003840 0.690660 46447.669189

IInfo: 1492808230.501290 5.002240 0.719400 41230.227783

IInfo: 1492808255.644862 6.000640 0.757040 36426.199341

IInfo: 1492808280.925979 7.004160 0.767700 34217.870178

IInfo: 1492808306.153554 8.002560 0.805880 29353.376587

IInfo: 1492808331.314151 9.000960 0.809600 28152.785889

IInfo: 1492808356.556487 10.004480 0.829780 25659.397125

IInfo: 1492808381.731580 11.002880 0.869320 20801.407684

IInfo: 1492808406.936400 12.001280 0.878020 19093.504242

IInfo: 1492808432.248113 13.004800 0.889020 17271.486618

IInfo: 1492808457.419853 14.003200 0.892560 15987.278015

IInfo: 1492808482.628766 15.001600 0.909920 13920.457642

IInfo: 1492808507.777806 16.000000 0.912120 13176.950790

IInfo: 1492808533.052884 17.003520 0.939060 9821.045334

IInfo: 1492808558.201378 18.001920 0.947180 8424.347855

IInfo: 1492808583.390964 19.000320 0.962380 6717.785355

IInfo: 1492808608.737176 20.003840 0.955740 6743.819469

IInfo: 1492808633.913398 21.002240 0.949380 7557.168289

IInfo: 1492808659.099243 22.000640 0.968140 5013.733681

IInfo: 1492808684.378540 23.004160 0.979380 3645.556877

IInfo: 1492808709.523906 24.002560 0.977680 3694.758221

IInfo: 1492808734.744468 25.000960 0.983840 2853.855536

IInfo: 1492808760.014204 26.004480 0.985300 2493.552948

IInfo: 1492808785.156252 27.002880 0.985640 2339.011892

IInfo: 1492808810.347427 28.001280 0.987240 2157.237629

IInfo: 1492808835.681205 29.004800 0.984200 2431.217075

IInfo: 1492808860.794561 30.003200 0.989080 1823.036295

IInfo: 1492808885.943054 31.001600 0.989640 1629.196132

IInfo: 1492808911.149605 32.000000 0.992900 1287.182878

IInfo: 1492808936.437169 33.003520 0.991960 1381.499384

IInfo: 1492808961.666872 34.001920 0.992240 1287.902947

IInfo: 1492808986.796817 35.000320 0.993120 1122.931456

IInfo: 1492809012.070532 36.003840 0.992860 1182.436375

IInfo: 1492809037.207217 37.002240 0.994420 1032.995859

IInfo: 1492809062.345453 38.000640 0.997320 618.996475

