IInfo: 1492800735.214701 0.000000 0.099100 230265.014893

IInfo: 1492800786.811948 1.000000 0.722060 79650.945129

IInfo: 1492800837.970002 2.000000 0.814500 52591.581146

IInfo: 1492800889.097212 3.000000 0.887620 32004.591339

IInfo: 1492800940.419278 4.000000 0.936780 18295.927143

IInfo: 1492800991.650269 5.000000 0.956840 12446.261288

IInfo: 1492801042.748171 6.000000 0.950040 15402.746426

IInfo: 1492801094.021407 7.000000 0.977800 6626.718151

IInfo: 1492801145.243970 8.000000 0.986560 4083.674688

IInfo: 1492801196.459138 9.000000 0.982220 5361.498484

IInfo: 1492801247.581260 10.000000 0.987580 3983.447195

IInfo: 1492801298.597981 11.000000 0.984880 4918.954888

IInfo: 1492801349.567517 12.000000 0.986640 4000.238638

IInfo: 1492801400.636257 13.000000 0.987880 4009.426723

IInfo: 1492801451.816895 14.000000 0.990040 3201.362650

IInfo: 1492801503.117524 15.000000 0.995100 1570.195649

