IInfo: 1492852118.761365 0.000000 0.098960 115138.175781

IInfo: 1492852140.505351 1.003520 0.265080 102320.553711

IInfo: 1492852161.460768 2.007040 0.350360 89949.825073

IInfo: 1492852182.215465 3.000320 0.414480 81210.751831

IInfo: 1492852203.186200 4.003840 0.466800 74155.683594

IInfo: 1492852224.170079 5.007360 0.476580 72271.673340

IInfo: 1492852244.933984 6.000640 0.506760 67651.595703

IInfo: 1492852265.917594 7.004160 0.532380 64761.114624

IInfo: 1492852286.901072 8.007680 0.560680 60451.746704

IInfo: 1492852307.665454 9.000960 0.586540 57045.714722

IInfo: 1492852328.641692 10.004480 0.608780 53434.014343

IInfo: 1492852349.615319 11.008000 0.652560 49117.241638

IInfo: 1492852370.374130 12.001280 0.678440 45504.752502

IInfo: 1492852391.344484 13.004800 0.683240 44870.660583

IInfo: 1492852412.314212 14.008320 0.694380 42078.180908

IInfo: 1492852433.069775 15.001600 0.758600 35506.172302

IInfo: 1492852454.046791 16.005120 0.701060 42104.112732

IInfo: 1492852475.014008 17.008640 0.776200 31761.898010

IInfo: 1492852495.782055 18.001920 0.794000 29868.892578

IInfo: 1492852516.745225 19.005440 0.835240 25025.475677

IInfo: 1492852537.724010 20.008960 0.854200 21756.212830

IInfo: 1492852558.487761 21.002240 0.881960 18877.412445

IInfo: 1492852579.455640 22.005760 0.853220 20570.604675

IInfo: 1492852600.434807 23.009280 0.788820 28379.649109

IInfo: 1492852621.213241 24.002560 0.765240 32889.713440

IInfo: 1492852642.179201 25.006080 0.969240 7447.804276

IInfo: 1492852663.156869 26.009600 0.952900 11895.676208

IInfo: 1492852683.914085 27.002880 0.982240 4782.949417

IInfo: 1492852704.874627 28.006400 0.984800 4204.411125

IInfo: 1492852725.860336 29.009920 0.991300 3059.856953

IInfo: 1492852746.639224 30.003200 0.992720 2464.519146

IInfo: 1492852767.602724 31.006720 0.994080 2733.485428

IInfo: 1492852788.353876 32.000000 0.997360 1499.888477

