IInfo: 1492854597.224708 0.000000 0.099100 115132.508301

IInfo: 1492854620.072759 1.000960 0.496200 69065.238770

IInfo: 1492854642.806810 2.000640 0.628380 52525.749573

IInfo: 1492854665.549661 3.000320 0.671380 46758.210266

IInfo: 1492854688.324401 4.000000 0.724820 39333.619812

IInfo: 1492854711.145849 5.000960 0.750340 35372.016296

IInfo: 1492854733.923719 6.000640 0.772160 32483.940155

IInfo: 1492854756.688503 7.000320 0.801800 27814.871857

IInfo: 1492854779.469309 8.000000 0.806540 27931.326080

IInfo: 1492854802.268954 9.000960 0.847580 21792.953934

IInfo: 1492854825.052443 10.000640 0.861360 19553.439301

IInfo: 1492854847.836665 11.000320 0.898000 14452.052879

IInfo: 1492854870.640309 12.000000 0.923080 10936.623447

IInfo: 1492854893.438360 13.000960 0.918740 11736.404552

IInfo: 1492854916.273908 14.000640 0.938100 8877.566425

IInfo: 1492854939.067209 15.000320 0.941020 8469.598099

IInfo: 1492854961.851963 16.000000 0.961840 5632.497175

IInfo: 1492854984.673326 17.000960 0.961480 5735.078667

IInfo: 1492855007.454625 18.000640 0.965880 4859.922176

IInfo: 1492855030.228901 19.000320 0.967440 4809.009604

IInfo: 1492855053.021497 20.000000 0.980760 2812.433647

IInfo: 1492855075.880191 21.000960 0.966480 5165.784779

IInfo: 1492855098.652463 22.000640 0.981740 2612.057813

IInfo: 1492855121.459395 23.000320 0.984900 2166.306155

IInfo: 1492855144.245368 24.000000 0.974540 4061.154470

IInfo: 1492855167.033044 25.000960 0.978000 3250.160389

IInfo: 1492855189.798661 26.000640 0.985320 2172.866971

IInfo: 1492855212.567443 27.000320 0.977560 3441.299278

IInfo: 1492855235.322537 28.000000 0.968360 4978.779480

IInfo: 1492855258.117595 29.000960 0.985080 2196.170997

IInfo: 1492855280.904895 30.000640 0.978660 3153.278145

IInfo: 1492855303.701606 31.000320 0.995720 774.471963

