IInfo: 1492786955.374149 0.000000 0.099100 115132.508057

IInfo: 1492786978.249526 1.000960 0.431860 80121.110962

IInfo: 1492787000.225010 2.001920 0.532920 65182.023071

IInfo: 1492787022.108704 3.000320 0.621200 53594.690796

IInfo: 1492787044.055055 4.001280 0.687580 44082.306458

IInfo: 1492787066.035875 5.002240 0.755120 35124.888123

IInfo: 1492787087.964309 6.000640 0.706560 42565.318359

IInfo: 1492787109.891131 7.001600 0.800960 28127.250214

IInfo: 1492787131.767501 8.000000 0.747360 40033.707214

IInfo: 1492787153.688535 9.000960 0.857560 20271.361633

IInfo: 1492787175.620836 10.001920 0.894820 14961.821632

IInfo: 1492787197.468743 11.000320 0.869940 18034.685303

IInfo: 1492787219.360303 12.001280 0.921000 11225.228737

IInfo: 1492787241.276546 13.002240 0.908580 12405.970795

IInfo: 1492787263.172337 14.000640 0.947960 7449.822624

IInfo: 1492787285.112337 15.001600 0.961500 5551.933800

IInfo: 1492787306.986980 16.000000 0.706740 41243.818909

IInfo: 1492787328.862076 17.000960 0.866620 19197.317780

IInfo: 1492787350.752658 18.001920 0.929740 9978.125946

IInfo: 1492787372.648307 19.000320 0.942200 8259.555878

IInfo: 1492787394.594299 20.001280 0.973100 4072.904528

IInfo: 1492787416.508863 21.002240 0.969440 4425.253698

IInfo: 1492787438.352106 22.000640 0.975720 3541.724146

IInfo: 1492787460.235830 23.001600 0.978400 3075.980051

IInfo: 1492787482.110096 24.000000 0.960460 6246.097141

IInfo: 1492787504.053555 25.000960 0.984820 2261.236612

IInfo: 1492787525.934610 26.001920 0.987900 1755.083748

IInfo: 1492787547.778165 27.000320 0.984500 2288.766393

IInfo: 1492787569.738304 28.001280 0.993320 1020.398088

IInfo: 1492787591.671747 29.002240 0.995040 811.263865

IInfo: 1492787613.522474 30.000640 0.954400 6715.273907

