IInfo: 1492845750.594317 0.000000 0.099100 230265.014893

IInfo: 1492845793.291564 1.003520 0.338160 183736.042358

IInfo: 1492845835.024858 2.001920 0.454800 150925.981689

IInfo: 1492845876.741743 3.000320 0.503620 135725.074341

IInfo: 1492845918.692594 4.003840 0.536740 127569.749023

IInfo: 1492845960.419148 5.002240 0.578140 117743.220215

IInfo: 1492846002.144860 6.000640 0.615260 108960.563599

IInfo: 1492846044.054776 7.004160 0.637000 103115.961060

IInfo: 1492846085.777462 8.002560 0.651940 97126.364746

IInfo: 1492846127.488976 9.000960 0.648920 97001.638184

IInfo: 1492846169.420176 10.004480 0.700780 85997.942017

IInfo: 1492846211.138332 11.002880 0.716280 80032.749695

IInfo: 1492846252.840904 12.001280 0.713700 80517.492371

IInfo: 1492846294.780164 13.004800 0.758580 69893.588379

IInfo: 1492846336.487129 14.003200 0.750560 70685.411377

IInfo: 1492846378.222550 15.001600 0.781340 62713.301514

IInfo: 1492846420.101668 16.000000 0.750900 72604.425598

IInfo: 1492846462.031091 17.003520 0.812000 54251.350769

IInfo: 1492846503.763890 18.001920 0.830580 48784.535095

IInfo: 1492846545.469392 19.000320 0.817440 51531.104156

IInfo: 1492846587.419596 20.003840 0.863480 40663.351135

IInfo: 1492846629.139160 21.002240 0.876800 36898.978973

IInfo: 1492846670.838924 22.000640 0.863920 38737.467621

IInfo: 1492846712.725600 23.004160 0.899410 30615.898056

IInfo: 1492846754.396151 24.002560 0.893100 31457.876236

IInfo: 1492846796.069139 25.000960 0.928920 23358.344086

IInfo: 1492846837.977071 26.004480 0.681620 122806.610352

IInfo: 1492846879.662316 27.002880 0.943060 18538.051094

IInfo: 1492846921.354322 28.001280 0.864600 38119.049805

IInfo: 1492846963.266653 29.004800 0.968320 12736.454231

IInfo: 1492847004.952795 30.003200 0.884400 30943.062744

IInfo: 1492847046.827462 31.001600 0.969660 11838.498344

IInfo: 1492847088.527341 32.000000 0.985220 7164.608574

IInfo: 1492847130.443333 33.003520 0.987860 6101.394592

IInfo: 1492847172.115025 34.001920 0.992060 4653.815203

IInfo: 1492847213.800896 35.000320 0.962880 10496.261017

IInfo: 1492847255.707626 36.003840 0.997060 2871.613398

