IInfo: 1492860459.697824 0.000000 0.099240 115133.712646

IInfo: 1492860482.434941 1.000960 0.523120 65377.135254

IInfo: 1492860504.809209 2.000640 0.653580 48340.302185

IInfo: 1492860527.157243 3.000320 0.736680 37611.431885

IInfo: 1492860549.541238 4.000000 0.820580 26700.556671

IInfo: 1492860571.917812 5.000960 0.872300 19390.631882

IInfo: 1492860594.302091 6.000640 0.916040 13076.054199

IInfo: 1492860616.668917 7.000320 0.919640 11645.452484

IInfo: 1492860639.008640 8.000000 0.968940 5131.670551

IInfo: 1492860661.392809 9.000960 0.973340 4250.293476

IInfo: 1492860683.739462 10.000640 0.990140 1730.439202

IInfo: 1492860706.116317 11.000320 0.984160 2464.555670

IInfo: 1492860728.459639 12.000000 0.988460 2048.106627

IInfo: 1492860750.837677 13.000960 0.998480 406.503672

IInfo: 1492860773.176090 14.000640 0.999880 107.582615

