IInfo: 1492788558.215184 0.000000 0.099100 115132.508545

IInfo: 1492788584.397854 1.000960 0.521800 67862.256592

IInfo: 1492788610.317679 2.001920 0.596440 56494.340942

IInfo: 1492788636.183392 3.000320 0.675940 46168.720398

IInfo: 1492788662.220040 4.001280 0.733540 37852.543701

IInfo: 1492788688.233645 5.002240 0.803700 28484.702057

IInfo: 1492788714.111447 6.000640 0.820540 24983.270859

IInfo: 1492788740.058921 7.001600 0.854500 20833.273605

IInfo: 1492788765.966397 8.000000 0.852800 21103.561707

IInfo: 1492788791.933007 9.000960 0.900880 14021.320396

IInfo: 1492788817.849524 10.001920 0.919000 11632.114632

IInfo: 1492788843.824186 11.000320 0.926500 10780.520428

IInfo: 1492788869.847534 12.001280 0.946040 7804.219240

IInfo: 1492788895.810011 13.002240 0.949500 7313.944359

IInfo: 1492788921.677430 14.000640 0.957100 6324.677908

IInfo: 1492788947.620332 15.001600 0.956340 6374.240213

IInfo: 1492788973.535028 16.000000 0.958300 6667.345398

IInfo: 1492788999.590491 17.000960 0.974240 3828.691555

IInfo: 1492789025.585453 18.001920 0.972820 4101.445823

IInfo: 1492789051.474231 19.000320 0.973420 4039.176116

IInfo: 1492789077.418008 20.001280 0.975440 3786.397435

IInfo: 1492789103.373657 21.002240 0.985400 2077.190390

IInfo: 1492789129.245977 22.000640 0.986560 2055.536234

IInfo: 1492789155.201216 23.001600 0.988080 1784.803473

IInfo: 1492789181.063107 24.000000 0.989140 1709.340719

IInfo: 1492789207.062746 25.000960 0.987500 1915.155954

IInfo: 1492789233.029237 26.001920 0.987120 2051.714646

IInfo: 1492789258.945268 27.000320 0.985400 2216.267331

IInfo: 1492789284.858983 28.001280 0.987120 1964.207233

IInfo: 1492789310.789739 29.002240 0.991900 1277.054641

IInfo: 1492789336.648599 30.000640 0.994640 825.246001

IInfo: 1492789362.554831 31.001600 0.989100 1548.814332

IInfo: 1492789388.429525 32.000000 0.995600 694.626148

IInfo: 1492789414.390755 33.000960 0.996400 549.526479

