IInfo: 1492857848.192401 0.000000 0.099100 230265.013672

IInfo: 1492857895.318812 1.000320 0.608740 108580.347412

IInfo: 1492857941.418108 2.000000 0.744660 73725.686523

IInfo: 1492857987.557431 3.000320 0.808160 55660.381195

IInfo: 1492858033.671339 4.000000 0.863300 39626.907089

IInfo: 1492858079.826823 5.000320 0.912680 25798.293419

IInfo: 1492858125.948996 6.000000 0.947960 15545.415985

IInfo: 1492858172.115333 7.000320 0.971820 9026.139360

IInfo: 1492858218.227743 8.000000 0.979800 6176.977070

IInfo: 1492858264.318359 9.000320 0.963960 10358.170414

IInfo: 1492858310.378815 10.000000 0.988500 3564.320258

IInfo: 1492858356.539364 11.000320 0.978600 6282.278175

IInfo: 1492858402.661712 12.000000 0.994280 1816.151588

IInfo: 1492858448.821626 13.000320 0.994740 1587.924649

IInfo: 1492858494.893203 14.000000 0.999680 206.126272

