IInfo: 1492795964.624771 0.000000 0.099100 115132.507080

IInfo: 1492795990.843028 1.000000 0.610600 54162.607056

IInfo: 1492796016.426304 2.000000 0.713280 40713.205627

IInfo: 1492796041.967628 3.000000 0.765740 33320.710632

IInfo: 1492796067.706912 4.000000 0.808320 27319.805328

IInfo: 1492796093.254698 5.000000 0.847360 22066.592720

IInfo: 1492796118.812545 6.000000 0.871620 18490.960732

IInfo: 1492796144.482511 7.000000 0.884240 16838.520760

IInfo: 1492796170.038538 8.000000 0.891660 16177.987724

IInfo: 1492796195.619337 9.000000 0.911040 13072.215744

IInfo: 1492796221.423571 10.000000 0.905660 15281.680191

IInfo: 1492796247.089084 11.000000 0.920860 12262.899162

IInfo: 1492796272.866075 12.000000 0.912720 14107.800297

IInfo: 1492796298.664929 13.000000 0.940340 9684.921648

IInfo: 1492796324.310050 14.000000 0.944140 9024.952118

IInfo: 1492796350.047152 15.000000 0.956060 6997.936876

IInfo: 1492796375.842158 16.000000 0.960360 6097.744612

IInfo: 1492796401.516665 17.000000 0.968680 5118.983385

IInfo: 1492796427.143450 18.000000 0.958100 7943.836885

IInfo: 1492796452.753135 19.000000 0.972500 4481.483912

IInfo: 1492796478.313961 20.000000 0.977780 3417.608821

IInfo: 1492796503.933197 21.000000 0.970440 4659.774742

IInfo: 1492796529.521389 22.000000 0.978020 3478.409756

IInfo: 1492796555.125010 23.000000 0.983060 2731.879592

IInfo: 1492796580.828964 24.000000 0.984900 2322.673727

IInfo: 1492796606.408191 25.000000 0.988500 1845.876089

IInfo: 1492796631.952039 26.000000 0.963340 6712.130032

IInfo: 1492796657.613023 27.000000 0.975560 4363.676126

IInfo: 1492796683.204693 28.000000 0.973940 4674.936718

IInfo: 1492796708.725896 29.000000 0.978180 3509.044024

IInfo: 1492796734.413996 30.000000 0.980900 3151.633422

IInfo: 1492796760.013176 31.000000 0.981540 2977.683265

IInfo: 1492796785.608150 32.000000 0.988960 1693.897149

IInfo: 1492796811.253515 33.000000 0.985420 2433.749096

IInfo: 1492796836.811260 34.000000 0.992040 1252.716243

IInfo: 1492796862.427066 35.000000 0.988860 1783.902999

IInfo: 1492796887.946690 36.000000 0.993900 931.012667

IInfo: 1492796913.616813 37.000000 0.993840 918.434081

IInfo: 1492796939.127815 38.000000 0.994360 945.292976

IInfo: 1492796964.657649 39.000000 0.985820 2439.935515

IInfo: 1492796990.287471 40.000000 0.988900 2053.191426

IInfo: 1492797015.830879 41.000000 0.989300 2093.948405

IInfo: 1492797041.385534 42.000000 0.981140 3675.874617

IInfo: 1492797067.068880 43.000000 0.990860 1569.171064

IInfo: 1492797092.634140 44.000000 0.988940 1846.970527

IInfo: 1492797118.243078 45.000000 0.988760 1952.805176

IInfo: 1492797143.950500 46.000000 0.991260 1431.395406

IInfo: 1492797169.549018 47.000000 0.992680 1160.193761

IInfo: 1492797195.278763 48.000000 0.990600 1651.783745

IInfo: 1492797221.073642 49.000000 0.990420 1783.081651

IInfo: 1492797246.753489 50.000000 0.986420 2383.252802

IInfo: 1492797272.510833 51.000000 0.988980 2007.485058

IInfo: 1492797298.227268 52.000000 0.995540 727.079378

