IInfo: 1492804082.529158 0.000000 0.099520 115131.266357

IInfo: 1492804108.344154 1.000000 0.636940 50434.504822

IInfo: 1492804133.882147 2.000000 0.770020 32796.559753

IInfo: 1492804159.409019 3.000000 0.871860 18335.895203

IInfo: 1492804184.895059 4.000000 0.916940 12007.171516

IInfo: 1492804210.351323 5.000000 0.945200 8179.492874

IInfo: 1492804235.932265 6.000000 0.958200 6174.130636

IInfo: 1492804261.417598 7.000000 0.974080 3971.462319

IInfo: 1492804286.933981 8.000000 0.979520 3113.801548

IInfo: 1492804312.500302 9.000000 0.986200 2108.031113

IInfo: 1492804338.002635 10.000000 0.974980 3729.794710

IInfo: 1492804363.451831 11.000000 0.991700 1291.215777

IInfo: 1492804389.062984 12.000000 0.987060 2039.203765

IInfo: 1492804414.512712 13.000000 0.993940 1033.671667

IInfo: 1492804440.035087 14.000000 0.996800 554.206262

IInfo: 1492804465.683962 15.000000 0.997840 384.072948

