IInfo: 1492819059.034158 0.000000 0.099100 115132.508057

IInfo: 1492819087.635737 1.000320 0.587320 58592.942383

IInfo: 1492819114.832729 2.000000 0.695040 43641.048584

IInfo: 1492819142.060819 3.000320 0.742860 36918.745422

IInfo: 1492819169.334989 4.000000 0.775740 31863.997986

IInfo: 1492819196.636998 5.000320 0.820000 25728.049042

IInfo: 1492819223.909322 6.000000 0.843220 22664.883621

IInfo: 1492819251.210842 7.000320 0.880120 17285.534592

IInfo: 1492819278.483377 8.000000 0.891360 15637.451149

IInfo: 1492819305.798727 9.000320 0.904720 13613.986031

IInfo: 1492819333.089491 10.000000 0.923840 10799.680786

IInfo: 1492819360.370696 11.000320 0.937700 9268.994385

IInfo: 1492819387.638016 12.000000 0.941700 8377.291580

IInfo: 1492819414.904077 13.000320 0.929040 10510.133736

IInfo: 1492819442.094805 14.000000 0.957740 6149.455219

IInfo: 1492819469.303907 15.000320 0.957300 6186.972050

IInfo: 1492819496.525742 16.000000 0.971980 4075.694873

IInfo: 1492819523.715898 17.000320 0.975680 3518.676758

IInfo: 1492819550.895061 18.000000 0.977640 3320.505921

IInfo: 1492819578.142876 19.000320 0.977760 3278.828535

IInfo: 1492819605.344482 20.000000 0.977040 3450.706903

IInfo: 1492819632.574907 21.000320 0.979700 2965.755053

IInfo: 1492819659.764348 22.000000 0.982000 2750.616504

IInfo: 1492819686.949510 23.000320 0.985960 2124.547022

IInfo: 1492819714.114124 24.000000 0.979400 3375.803261

IInfo: 1492819741.308242 25.000320 0.988140 1802.706543

IInfo: 1492819768.483029 26.000000 0.987220 1993.766248

IInfo: 1492819795.722252 27.000320 0.990380 1535.058922

IInfo: 1492819822.902832 28.000000 0.979260 3327.995575

IInfo: 1492819850.118448 29.000320 0.988460 1745.869362

IInfo: 1492819877.244824 30.000000 0.987340 1925.137970

IInfo: 1492819904.462664 31.000320 0.988420 1850.596647

IInfo: 1492819931.595582 32.000000 0.993780 988.480440

IInfo: 1492819958.726689 33.000320 0.996300 592.940291

