IInfo: 1492823590.078848 0.000000 0.099360 115131.827148

IInfo: 1492823613.122157 1.000320 0.519000 65494.016602

IInfo: 1492823635.659432 2.000000 0.659960 47746.045471

IInfo: 1492823658.239713 3.000320 0.748720 35185.290100

IInfo: 1492823680.875968 4.000000 0.809080 26810.512817

IInfo: 1492823703.475582 5.000320 0.909280 13618.962135

IInfo: 1492823726.073229 6.000000 0.926900 10768.790115

IInfo: 1492823748.699585 7.000320 0.948980 7542.957272

IInfo: 1492823771.295227 8.000000 0.971700 4345.650198

IInfo: 1492823793.895754 9.000320 0.959340 5800.367180

IInfo: 1492823816.505497 10.000000 0.985360 2246.511577

IInfo: 1492823839.093526 11.000320 0.976380 3581.817051

IInfo: 1492823861.706344 12.000000 0.985820 2107.283203

IInfo: 1492823884.321042 13.000320 0.995780 724.127004

