IInfo: 1492812644.638145 0.000000 0.100020 115129.656494

IInfo: 1492812666.467138 1.003520 0.435380 77276.756348

IInfo: 1492812687.672784 2.001920 0.453040 75427.390503

IInfo: 1492812708.879273 3.000320 0.597620 55875.166504

IInfo: 1492812730.256464 4.003840 0.668180 47221.801758

IInfo: 1492812751.559145 5.002240 0.681560 44689.972656

IInfo: 1492812772.783096 6.000640 0.764840 33362.455139

IInfo: 1492812794.122784 7.004160 0.796920 30349.801636

IInfo: 1492812815.342323 8.002560 0.840760 22651.177979

IInfo: 1492812836.591367 9.000960 0.871760 18143.838165

IInfo: 1492812857.943281 10.004480 0.930400 10574.982361

IInfo: 1492812879.198611 11.002880 0.962780 6313.852333

IInfo: 1492812900.460937 12.001280 0.975840 4158.741932

IInfo: 1492812921.851832 13.004800 0.989640 2138.167620

IInfo: 1492812943.132980 14.003200 0.702600 42581.527893

IInfo: 1492812964.429756 15.001600 0.833560 23426.809143

IInfo: 1492812985.712020 16.000000 0.980880 3494.869349

IInfo: 1492813007.047734 17.003520 0.991900 1689.843215

IInfo: 1492813028.326606 18.001920 0.997220 678.718555

