IInfo: 1492842642.909112 0.000000 0.099100 115132.505859

IInfo: 1492842668.259805 1.003520 0.380700 92939.128052

IInfo: 1492842692.964378 2.007040 0.470780 82712.641724

IInfo: 1492842717.407773 3.000320 0.466780 78291.419922

IInfo: 1492842742.115905 4.003840 0.525080 70053.409424

IInfo: 1492842766.827062 5.007360 0.580680 66227.871338

IInfo: 1492842791.276752 6.000640 0.609860 61755.029419

IInfo: 1492842815.981101 7.004160 0.630060 58091.256714

IInfo: 1492842840.694064 8.007680 0.661680 54515.298706

IInfo: 1492842865.175392 9.000960 0.684420 51119.845947

IInfo: 1492842889.887613 10.004480 0.678060 52136.955505

IInfo: 1492842914.587827 11.008000 0.728020 44941.922241

IInfo: 1492842939.034964 12.001280 0.718640 44749.450806

IInfo: 1492842963.731391 13.004800 0.747080 41127.044556

IInfo: 1492842988.449005 14.008320 0.764940 39286.054932

IInfo: 1492843012.897645 15.001600 0.750220 38401.466980

IInfo: 1492843037.600039 16.005120 0.756520 38901.257629

IInfo: 1492843062.309453 17.008640 0.768900 37471.299133

IInfo: 1492843086.745276 18.001920 0.797720 33084.216248

IInfo: 1492843111.439103 19.005440 0.805020 32601.577942

IInfo: 1492843136.131741 20.008960 0.797160 32902.672913

IInfo: 1492843160.579491 21.002240 0.816580 29735.709351

IInfo: 1492843185.302424 22.005760 0.823380 29855.056763

IInfo: 1492843210.052041 23.009280 0.833360 28402.534180

IInfo: 1492843234.507369 24.002560 0.831700 28631.143707

IInfo: 1492843259.235909 25.006080 0.834340 27394.505768

IInfo: 1492843283.922419 26.009600 0.842220 26090.654144

IInfo: 1492843308.380898 27.002880 0.853520 25632.300690

IInfo: 1492843333.074731 28.006400 0.874240 22832.010590

IInfo: 1492843357.799251 29.009920 0.887620 21792.927917

IInfo: 1492843382.252506 30.003200 0.882500 22537.032776

IInfo: 1492843406.970780 31.006720 0.895600 20245.338043

IInfo: 1492843431.408628 32.000000 0.907080 19010.479401

IInfo: 1492843456.110082 33.003520 0.911740 18117.062408

IInfo: 1492843480.829775 34.007040 0.914580 17262.403778

IInfo: 1492843505.302261 35.000320 0.917280 16970.450745

IInfo: 1492843530.029491 36.003840 0.919800 16945.114563

IInfo: 1492843554.737476 37.007360 0.907140 17904.866058

IInfo: 1492843579.224192 38.000640 0.933000 14722.174377

IInfo: 1492843603.908072 39.004160 0.931360 14801.486786

IInfo: 1492843628.619576 40.007680 0.934480 14108.415054

IInfo: 1492843653.074502 41.000960 0.946760 12399.360352

IInfo: 1492843677.785823 42.004480 0.951560 11864.764389

IInfo: 1492843702.497577 43.008000 0.952380 11474.873611

IInfo: 1492843726.954231 44.001280 0.951360 11285.872864

IInfo: 1492843751.669519 45.004800 0.958380 10471.510971

IInfo: 1492843776.372593 46.008320 0.956200 11209.464493

IInfo: 1492843800.851541 47.001600 0.961440 9762.661179

IInfo: 1492843825.578222 48.005120 0.949780 11035.955963

IInfo: 1492843850.279624 49.008640 0.965640 9368.741135

IInfo: 1492843874.761745 50.001920 0.969820 8500.293747

IInfo: 1492843899.499351 51.005440 0.971660 8275.583923

IInfo: 1492843924.212883 52.008960 0.973760 7639.825211

IInfo: 1492843948.675209 53.002240 0.978720 7019.279823

IInfo: 1492843973.389222 54.005760 0.977700 7304.284340

IInfo: 1492843998.113108 55.009280 0.976960 7503.118828

IInfo: 1492844022.567398 56.002560 0.980440 6733.940857

IInfo: 1492844047.285829 57.006080 0.981140 6518.280823

IInfo: 1492844071.981265 58.009600 0.980360 6182.204399

IInfo: 1492844096.431999 59.002880 0.980920 5896.852951

IInfo: 1492844121.140152 60.006400 0.975040 6296.436584

IInfo: 1492844145.840471 61.009920 0.985240 5105.004738

IInfo: 1492844170.294058 62.003200 0.986020 4887.724678

IInfo: 1492844195.006062 63.006720 0.987640 4600.397820

IInfo: 1492844219.472118 64.000000 0.987080 4450.456131

IInfo: 1492844244.197723 65.003520 0.989140 3982.918617

IInfo: 1492844268.914862 66.007040 0.988640 3985.391525

IInfo: 1492844293.389777 67.000320 0.991120 3617.335964

IInfo: 1492844318.099107 68.003840 0.984820 4664.567772

IInfo: 1492844342.804301 69.007360 0.993260 3235.608719

IInfo: 1492844367.257010 70.000640 0.991820 3354.556618

IInfo: 1492844391.955314 71.004160 0.993900 2980.993656

IInfo: 1492844416.677683 72.007680 0.993740 2771.574879

IInfo: 1492844441.145203 73.000960 0.995140 2743.058407

IInfo: 1492844465.836014 74.004480 0.994800 2570.335796

