IInfo: 1492813918.466405 0.000000 0.099400 115141.468994

IInfo: 1492813940.350735 1.003520 0.355840 87063.560303

IInfo: 1492813961.771334 2.001920 0.520960 65199.419312

IInfo: 1492813983.222424 3.000320 0.663420 48325.347229

IInfo: 1492814004.783037 4.003840 0.694880 43647.922424

IInfo: 1492814026.262840 5.002240 0.827700 25948.239044

IInfo: 1492814047.745614 6.000640 0.910980 14781.031311

IInfo: 1492814069.368412 7.004160 0.965820 6652.747711

IInfo: 1492814090.870933 8.002560 0.981900 4879.802246

IInfo: 1492814112.414866 9.000960 0.997300 1053.741386

IInfo: 1492814134.021387 10.004480 0.999460 429.887055

