IInfo: 1492798350.963979 0.000000 0.099100 115132.506836

IInfo: 1492798383.888789 1.000000 0.509780 74306.096069

IInfo: 1492798416.604837 2.000000 0.615960 59814.232422

IInfo: 1492798449.341020 3.000000 0.678020 49765.730347

IInfo: 1492798482.083222 4.000000 0.718000 42594.171814

IInfo: 1492798514.865706 5.000000 0.751680 37875.131836

IInfo: 1492798547.763858 6.000000 0.773700 34280.254150

IInfo: 1492798580.557625 7.000000 0.788360 32465.638245

IInfo: 1492798613.340552 8.000000 0.820460 28196.266022

IInfo: 1492798646.088925 9.000000 0.838340 25796.793793

IInfo: 1492798678.958957 10.000000 0.842340 24669.150269

IInfo: 1492798711.728399 11.000000 0.841340 23991.981781

IInfo: 1492798744.470769 12.000000 0.872240 20414.480499

IInfo: 1492798777.257263 13.000000 0.892140 17335.030060

IInfo: 1492798809.962316 14.000000 0.900200 15886.472107

IInfo: 1492798842.749434 15.000000 0.913680 14361.629471

IInfo: 1492798875.514435 16.000000 0.919420 13020.740616

IInfo: 1492798908.254753 17.000000 0.935520 10683.860977

IInfo: 1492798941.020963 18.000000 0.926620 11464.658478

IInfo: 1492798973.822505 19.000000 0.939220 9472.344276

IInfo: 1492799006.556382 20.000000 0.943920 8429.139534

IInfo: 1492799039.273976 21.000000 0.953380 7418.525738

IInfo: 1492799072.145294 22.000000 0.964240 6041.136444

IInfo: 1492799104.934253 23.000000 0.963300 5840.828285

IInfo: 1492799137.688202 24.000000 0.970320 4936.239346

IInfo: 1492799170.415633 25.000000 0.975840 3913.508030

IInfo: 1492799203.176831 26.000000 0.979680 3268.394079

IInfo: 1492799235.919653 27.000000 0.980620 3198.758108

IInfo: 1492799268.660214 28.000000 0.977360 3476.691397

IInfo: 1492799301.336812 29.000000 0.982960 2811.797974

IInfo: 1492799334.035890 30.000000 0.981280 2847.674013

IInfo: 1492799366.721817 31.000000 0.987420 2072.938011

IInfo: 1492799399.486837 32.000000 0.991000 1535.217931

IInfo: 1492799432.223628 33.000000 0.988300 1854.353960

IInfo: 1492799465.017951 34.000000 0.993300 1229.971099

IInfo: 1492799497.765376 35.000000 0.991740 1298.560045

IInfo: 1492799530.521555 36.000000 0.989480 1677.236921

IInfo: 1492799563.187012 37.000000 0.993380 1062.761462

IInfo: 1492799595.826325 38.000000 0.994900 870.584221

IInfo: 1492799628.514002 39.000000 0.991080 1387.939193

IInfo: 1492799661.214690 40.000000 0.995960 677.156559

