IInfo: 1492805198.083407 0.000000 0.099480 115139.511719

IInfo: 1492805223.340422 1.000000 0.659520 48166.247864

IInfo: 1492805248.347981 2.000000 0.876440 18303.418228

IInfo: 1492805273.383344 3.000000 0.955960 6615.607956

IInfo: 1492805298.385658 4.000000 0.985380 2184.308941

IInfo: 1492805323.441183 5.000000 0.977200 3676.261667

IInfo: 1492805348.462714 6.000000 0.992720 1010.772415

IInfo: 1492805373.595640 7.000000 0.998180 290.775583

IInfo: 1492805398.656407 8.000000 0.996960 545.958095

