IInfo: 1492850288.080468 0.000000 0.100080 115129.469238

IInfo: 1492850309.538834 1.003520 0.269940 102140.629761

IInfo: 1492850330.378198 2.007040 0.355280 88880.844482

IInfo: 1492850351.006373 3.000320 0.305720 99999.082520

IInfo: 1492850371.854895 4.003840 0.424160 79801.309937

IInfo: 1492850392.681735 5.007360 0.438480 75120.022095

IInfo: 1492850413.295037 6.000640 0.479520 71635.515015

IInfo: 1492850434.126687 7.004160 0.532360 64925.531738

IInfo: 1492850454.961027 8.007680 0.528100 64678.699341

IInfo: 1492850475.575597 9.000960 0.582580 58239.315186

IInfo: 1492850496.429380 10.004480 0.573880 59869.494995

IInfo: 1492850517.257633 11.008000 0.592160 56296.405518

IInfo: 1492850537.883773 12.001280 0.627980 51899.593811

IInfo: 1492850558.706907 13.004800 0.654480 48466.121521

IInfo: 1492850579.544272 14.008320 0.649240 49029.550781

IInfo: 1492850600.171703 15.001600 0.681060 44962.880371

IInfo: 1492850621.006054 16.005120 0.695260 42691.974731

IInfo: 1492850641.840020 17.008640 0.718820 40236.567322

IInfo: 1492850662.466645 18.001920 0.706300 40739.186157

IInfo: 1492850683.300899 19.005440 0.752900 35497.633240

IInfo: 1492850704.141101 20.008960 0.752200 35102.780579

IInfo: 1492850724.767977 21.002240 0.769020 33329.473450

IInfo: 1492850745.591350 22.005760 0.790380 30489.984924

IInfo: 1492850766.433308 23.009280 0.787780 30314.344421

IInfo: 1492850787.051592 24.002560 0.823320 26487.577515

IInfo: 1492850807.887716 25.006080 0.796420 29790.425110

IInfo: 1492850828.709688 26.009600 0.832160 24290.212463

IInfo: 1492850849.318571 27.002880 0.824680 24801.920563

IInfo: 1492850870.147984 28.006400 0.868900 20147.588013

IInfo: 1492850890.959949 29.009920 0.900720 17070.443604

IInfo: 1492850911.580943 30.003200 0.856020 20993.742798

IInfo: 1492850932.406295 31.006720 0.886500 17684.811737

IInfo: 1492850953.014597 32.000000 0.912520 13991.444916

IInfo: 1492850973.828572 33.003520 0.916940 13578.085190

IInfo: 1492850994.642556 34.007040 0.931780 11670.520721

IInfo: 1492851015.260866 35.000320 0.938240 10637.880081

IInfo: 1492851036.080898 36.003840 0.939640 10537.963882

IInfo: 1492851056.898990 37.007360 0.959140 7929.077354

IInfo: 1492851077.518544 38.000640 0.972980 5980.743805

IInfo: 1492851098.333431 39.004160 0.973300 6096.752686

IInfo: 1492851119.162137 40.007680 0.978700 5025.641190

IInfo: 1492851139.780739 41.000960 0.985480 3746.340267

IInfo: 1492851160.607064 42.004480 0.955520 7059.140579

IInfo: 1492851181.437857 43.008000 0.987360 3185.243618

IInfo: 1492851202.047472 44.001280 0.992740 2225.274878

IInfo: 1492851222.862809 45.004800 0.859080 34512.145447

IInfo: 1492851243.678825 46.008320 0.993600 2242.741692

IInfo: 1492851264.306938 47.001600 0.996360 1528.151476

IInfo: 1492851285.138496 48.005120 0.997280 1317.001894

