IInfo: 1492793178.631281 0.000000 0.099560 115129.165283

IInfo: 1492793201.860436 1.000960 0.509860 67825.560669

IInfo: 1492793223.603065 2.001920 0.591740 57374.510498

IInfo: 1492793245.405803 3.000320 0.698880 43207.706177

IInfo: 1492793267.324380 4.001280 0.777980 32157.827881

IInfo: 1492793289.290515 5.002240 0.843940 23000.630829

IInfo: 1492793311.090626 6.000640 0.896000 15740.567368

IInfo: 1492793333.049897 7.001600 0.927340 10511.612778

IInfo: 1492793354.782381 8.000000 0.973760 4468.779495

IInfo: 1492793376.564218 9.000960 0.981760 2972.279049

IInfo: 1492793398.494880 10.001920 0.993760 1258.908028

IInfo: 1492793420.263959 11.000320 0.966040 5128.709824

IInfo: 1492793442.051473 12.001280 0.997660 618.695192

IInfo: 1492793464.012458 13.002240 0.999340 224.224527

