IInfo: 1492820960.213589 0.000000 0.099100 230265.012695

IInfo: 1492821005.377284 1.000000 0.666040 94312.546082

IInfo: 1492821049.413016 2.000000 0.766180 66857.501923

IInfo: 1492821093.560924 3.000000 0.835820 47527.111359

IInfo: 1492821137.807944 4.000000 0.878760 34528.012512

IInfo: 1492821182.104500 5.000000 0.914320 23958.445839

IInfo: 1492821226.386382 6.000000 0.950220 13938.187645

IInfo: 1492821270.602948 7.000000 0.966860 9393.776217

IInfo: 1492821314.756489 8.000000 0.977420 6581.655535

IInfo: 1492821358.833118 9.000000 0.973460 7650.241611

IInfo: 1492821403.129140 10.000000 0.989660 3138.697024

IInfo: 1492821447.344511 11.000000 0.991320 2858.224072

IInfo: 1492821491.398132 12.000000 0.991780 2413.178968

IInfo: 1492821535.490549 13.000000 0.990600 2730.253291

IInfo: 1492821579.554033 14.000000 0.997580 864.448349

