IInfo: 1492839743.791183 0.000000 0.099100 115132.509033

IInfo: 1492839765.625251 1.003520 0.267160 102313.933105

IInfo: 1492839786.662192 2.007040 0.348720 91267.143433

IInfo: 1492839807.508436 3.000320 0.407840 81623.929199

IInfo: 1492839828.572511 4.003840 0.447620 75391.618286

IInfo: 1492839849.633408 5.007360 0.462960 74378.786987

IInfo: 1492839870.501835 6.000640 0.493320 69550.409424

IInfo: 1492839891.615197 7.004160 0.521180 67132.199829

IInfo: 1492839912.753932 8.007680 0.543340 63897.147949

IInfo: 1492839933.672566 9.000960 0.535720 64506.053345

IInfo: 1492839954.840272 10.004480 0.579860 59368.915161

IInfo: 1492839975.983691 11.008000 0.605900 55714.156128

IInfo: 1492839996.919061 12.001280 0.597480 56486.369995

IInfo: 1492840018.046703 13.004800 0.632800 52093.181702

IInfo: 1492840039.165757 14.008320 0.644640 50587.537598

IInfo: 1492840060.082737 15.001600 0.611740 54445.983521

IInfo: 1492840081.205474 16.005120 0.663420 47924.770142

IInfo: 1492840102.316568 17.008640 0.682420 45171.282837

IInfo: 1492840123.199551 18.001920 0.637960 51606.467407

IInfo: 1492840144.336922 19.005440 0.673760 46485.543396

IInfo: 1492840165.462899 20.008960 0.698300 42939.196533

IInfo: 1492840186.384535 21.002240 0.701820 42395.741028

IInfo: 1492840207.530272 22.005760 0.701940 42949.994690

IInfo: 1492840228.657324 23.009280 0.716160 40503.449585

IInfo: 1492840249.585823 24.002560 0.724880 39448.755371

IInfo: 1492840270.718349 25.006080 0.744000 36643.109436

IInfo: 1492840291.862186 26.009600 0.742300 36850.403748

IInfo: 1492840312.770132 27.002880 0.706060 42050.352661

IInfo: 1492840333.901323 28.006400 0.727200 39150.737854

IInfo: 1492840355.020879 29.009920 0.735060 37729.617065

IInfo: 1492840375.938288 30.003200 0.767120 33294.727722

IInfo: 1492840397.075976 31.006720 0.793120 29949.552124

IInfo: 1492840418.006454 32.000000 0.744860 38236.415100

IInfo: 1492840439.137731 33.003520 0.772000 32676.642212

IInfo: 1492840460.279729 34.007040 0.800240 28778.028137

IInfo: 1492840481.209440 35.000320 0.805160 28143.479340

IInfo: 1492840502.329273 36.003840 0.809780 27833.176758

IInfo: 1492840523.443155 37.007360 0.831040 24341.317139

IInfo: 1492840544.384614 38.000640 0.845320 22707.885162

IInfo: 1492840565.524390 39.004160 0.824620 25572.551300

IInfo: 1492840586.661764 40.007680 0.851300 21570.957611

IInfo: 1492840607.565281 41.000960 0.833720 24105.101532

IInfo: 1492840628.681643 42.004480 0.849060 21099.921234

IInfo: 1492840649.806550 43.008000 0.866340 19475.089203

IInfo: 1492840670.701665 44.001280 0.885220 17062.232086

IInfo: 1492840691.839985 45.004800 0.841900 23112.085266

IInfo: 1492840712.954865 46.008320 0.861220 19677.600800

IInfo: 1492840733.872221 47.001600 0.846760 24345.652344

IInfo: 1492840754.971679 48.005120 0.906060 14327.961349

IInfo: 1492840776.087106 49.008640 0.874980 18100.650787

IInfo: 1492840796.991998 50.001920 0.813180 34542.578308

IInfo: 1492840818.096257 51.005440 0.908380 13236.094162

IInfo: 1492840839.187135 52.008960 0.936800 10736.896591

IInfo: 1492840860.101338 53.002240 0.920120 11963.507645

IInfo: 1492840881.210400 54.005760 0.923500 11575.587326

IInfo: 1492840902.326844 55.009280 0.934880 10067.380341

IInfo: 1492840923.253737 56.002560 0.952320 8254.796860

IInfo: 1492840944.374843 57.006080 0.941040 9175.088242

IInfo: 1492840965.507570 58.009600 0.956900 7355.348442

IInfo: 1492840986.411492 59.002880 0.947880 7879.164520

IInfo: 1492841007.530823 60.006400 0.946040 8031.466576

IInfo: 1492841028.631114 61.009920 0.967140 6811.120407

IInfo: 1492841049.513283 62.003200 0.976540 4894.678131

IInfo: 1492841070.619172 63.006720 0.798160 32532.630188

IInfo: 1492841091.523700 64.000000 0.971960 5750.520378

IInfo: 1492841112.634610 65.003520 0.980740 4311.514137

IInfo: 1492841133.791116 66.007040 0.986960 3350.922901

IInfo: 1492841154.694594 67.000320 0.987020 3193.475784

IInfo: 1492841175.841907 68.003840 0.990340 2694.635815

IInfo: 1492841196.949344 69.007360 0.937580 10128.626694

IInfo: 1492841217.848504 70.000640 0.982840 3873.110554

IInfo: 1492841238.951894 71.004160 0.990800 2814.648975

IInfo: 1492841260.075418 72.007680 0.992020 2546.937626

IInfo: 1492841280.995174 73.000960 0.995260 1863.907515

IInfo: 1492841302.089933 74.004480 0.996980 1523.388559

