IInfo: 1492815405.665922 0.000000 0.099100 115132.507812

IInfo: 1492815429.642392 1.000320 0.542260 62086.278198

IInfo: 1492815452.084412 2.000000 0.593940 55521.759094

IInfo: 1492815474.578080 3.000320 0.721000 39614.646606

IInfo: 1492815497.054099 4.000000 0.740240 36110.732300

IInfo: 1492815519.564677 5.000320 0.792480 29157.379120

IInfo: 1492815542.075000 6.000000 0.795500 27861.928986

IInfo: 1492815564.595404 7.000320 0.834500 22881.175003

IInfo: 1492815587.042683 8.000000 0.842740 21232.981720

IInfo: 1492815609.508538 9.000320 0.871180 17542.333328

IInfo: 1492815631.987504 10.000000 0.848300 22398.754562

IInfo: 1492815654.484885 11.000320 0.904280 13686.900600

IInfo: 1492815676.921132 12.000000 0.903980 14232.552849

IInfo: 1492815699.392275 13.000320 0.928880 10530.136471

IInfo: 1492815721.853304 14.000000 0.942860 8141.252401

IInfo: 1492815744.359438 15.000320 0.926560 11592.737221

IInfo: 1492815766.828017 16.000000 0.961580 5556.963441

IInfo: 1492815789.325130 17.000320 0.958800 6321.990940

IInfo: 1492815811.815742 18.000000 0.950860 7134.960030

IInfo: 1492815834.256486 19.000320 0.932960 11319.060379

IInfo: 1492815856.694172 20.000000 0.969740 4594.401121

IInfo: 1492815879.176574 21.000320 0.968660 4685.932699

IInfo: 1492815901.604427 22.000000 0.978460 3185.177002

IInfo: 1492815924.077524 23.000320 0.973140 4083.293497

IInfo: 1492815946.517957 24.000000 0.970140 4797.271015

IInfo: 1492815968.995996 25.000320 0.991440 1292.598960

IInfo: 1492815991.428694 26.000000 0.967300 5326.204617

IInfo: 1492816013.929760 27.000320 0.986140 2153.635167

IInfo: 1492816036.418415 28.000000 0.989060 1621.172393

IInfo: 1492816058.914991 29.000320 0.991000 1349.834188

IInfo: 1492816081.349403 30.000000 0.986980 1977.113983

IInfo: 1492816103.858926 31.000320 0.993000 1086.323956

IInfo: 1492816126.288724 32.000000 0.992920 1024.539172

IInfo: 1492816148.731001 33.000320 0.992520 1176.063500

IInfo: 1492816171.191766 34.000000 0.993540 988.497439

IInfo: 1492816193.666227 35.000320 0.992340 1160.140312

IInfo: 1492816216.135237 36.000000 0.987080 2318.571620

IInfo: 1492816238.581124 37.000320 0.990800 1375.820563

IInfo: 1492816261.047777 38.000000 0.990480 1518.989700

IInfo: 1492816283.524319 39.000320 0.976940 3991.805380

IInfo: 1492816305.925823 40.000000 0.996720 505.323076

IInfo: 1492816328.393601 41.000320 0.993540 968.032398

IInfo: 1492816350.851881 42.000000 0.993200 1060.414370

IInfo: 1492816373.310065 43.000320 0.998220 291.301583

IInfo: 1492816395.732751 44.000000 0.998020 317.034319

IInfo: 1492816418.221052 45.000320 0.999660 63.325165

IInfo: 1492816440.661273 46.000000 1.000000 10.466174

IInfo: 1492816463.104521 47.000320 1.000000 4.541096

IInfo: 1492816485.584714 48.000000 1.000000 3.593083

IInfo: 1492816508.063667 49.000320 1.000000 3.066916

IInfo: 1492816530.527500 50.000000 1.000000 2.707013

IInfo: 1492816553.010081 51.000320 1.000000 2.438047

IInfo: 1492816575.452053 52.000000 1.000000 2.226443

IInfo: 1492816597.908490 53.000320 1.000000 2.054529

IInfo: 1492816620.354861 54.000000 1.000000 1.910590

IInfo: 1492816642.865668 55.000320 1.000000 1.788086

IInfo: 1492816665.336007 56.000000 1.000000 1.681845

IInfo: 1492816687.784608 57.000320 1.000000 1.588790

IInfo: 1492816710.246315 58.000000 1.000000 1.506559

IInfo: 1492816732.663606 59.000320 1.000000 1.433216

IInfo: 1492816755.093401 60.000000 1.000000 1.367288

IInfo: 1492816777.541491 61.000320 1.000000 1.307660

IInfo: 1492816800.021005 62.000000 1.000000 1.253453

IInfo: 1492816822.468177 63.000320 1.000000 1.203921

IInfo: 1492816844.911425 64.000000 1.000000 1.158451

IInfo: 1492816867.420087 65.000320 1.000000 1.116615

IInfo: 1492816889.853044 66.000000 1.000000 1.077826

IInfo: 1492816912.318994 67.000320 1.000000 1.041856

IInfo: 1492816934.762180 68.000000 1.000000 1.008363

IInfo: 1492816957.192816 69.000320 1.000000 0.977140

IInfo: 1492816979.642885 70.000000 1.000000 0.947886

IInfo: 1492817002.092996 71.000320 1.000000 0.920478

IInfo: 1492817024.565869 72.000000 1.000000 0.894684

IInfo: 1492817047.045831 73.000320 1.000000 0.870412

IInfo: 1492817069.504533 74.000000 1.000000 0.847429

IInfo: 1492817091.949325 75.000320 1.000000 0.825682

IInfo: 1492817114.428403 76.000000 1.000000 0.805075

IInfo: 1492817136.908016 77.000320 1.000000 0.785505

IInfo: 1492817159.370949 78.000000 1.000000 0.766923

IInfo: 1492817181.853987 79.000320 1.000000 0.749234

IInfo: 1492817204.308923 80.000000 1.000000 0.732383

IInfo: 1492817226.815012 81.000320 1.000000 0.716320

IInfo: 1492817249.275721 82.000000 1.000000 0.700935

IInfo: 1492817271.779665 83.000320 1.000000 0.686226

IInfo: 1492817294.235283 84.000000 1.000000 0.672140

IInfo: 1492817316.728580 85.000320 1.000000 0.658662

IInfo: 1492817339.173905 86.000000 1.000000 0.645715

IInfo: 1492817361.666673 87.000320 1.000000 0.633277

IInfo: 1492817384.097329 88.000000 1.000000 0.621328

IInfo: 1492817406.580752 89.000320 1.000000 0.609834

IInfo: 1492817429.040248 90.000000 1.000000 0.598776

IInfo: 1492817451.508064 91.000320 1.000000 0.588140

IInfo: 1492817473.977097 92.000000 1.000000 0.577862

IInfo: 1492817496.448749 93.000320 1.000000 0.567957

IInfo: 1492817518.920980 94.000000 1.000000 0.558409

IInfo: 1492817541.378112 95.000320 1.000000 0.549188

IInfo: 1492817563.855105 96.000000 1.000000 0.540296

IInfo: 1492817586.313737 97.000320 1.000000 0.531667

IInfo: 1492817608.759966 98.000000 1.000000 0.523334

IInfo: 1492817631.200683 99.000320 1.000000 0.515261

IInfo: 1492817653.654519 100.000000 1.000000 0.507453

IInfo: 1492817676.128689 101.000320 1.000000 0.499887

IInfo: 1492817698.598315 102.000000 1.000000 0.492545

IInfo: 1492817721.061723 103.000320 1.000000 0.485404

IInfo: 1492817743.503820 104.000000 1.000000 0.478484

IInfo: 1492817765.998839 105.000320 1.000000 0.471773

IInfo: 1492817788.475241 106.000000 1.000000 0.465234

IInfo: 1492817810.910200 107.000320 1.000000 0.458873

IInfo: 1492817833.373422 108.000000 1.000000 0.452703

IInfo: 1492817855.819160 109.000320 1.000000 0.446688

IInfo: 1492817878.285033 110.000000 1.000000 0.440839

