IInfo: 1492853500.800276 0.000000 0.094400 115140.315674

IInfo: 1492853523.897717 1.003520 0.274340 100412.767090

IInfo: 1492853544.886879 2.007040 0.335240 92470.938599

IInfo: 1492853565.655596 3.000320 0.425000 80780.807861

IInfo: 1492853586.640075 4.003840 0.453480 75174.284912

IInfo: 1492853607.629679 5.007360 0.516500 67218.868408

IInfo: 1492853628.396810 6.000640 0.542740 64743.308105

IInfo: 1492853649.384697 7.004160 0.569960 59788.840332

IInfo: 1492853670.371843 8.007680 0.602660 56411.347412

IInfo: 1492853691.143764 9.000960 0.558500 61696.610840

IInfo: 1492853712.146008 10.004480 0.698720 42793.465759

IInfo: 1492853733.143625 11.008000 0.696060 43772.519226

IInfo: 1492853753.913352 12.001280 0.786540 32813.247131

IInfo: 1492853774.887738 13.004800 0.736340 36365.045288

IInfo: 1492853795.887381 14.008320 0.774340 30589.954224

IInfo: 1492853816.638706 15.001600 0.814620 25419.439178

IInfo: 1492853837.627657 16.005120 0.905100 15367.145508

IInfo: 1492853858.610753 17.008640 0.965860 8469.434586

IInfo: 1492853879.373384 18.001920 0.978960 6305.405495

IInfo: 1492853900.344756 19.005440 0.986980 5379.254860

IInfo: 1492853921.337963 20.008960 0.994660 2540.485748

IInfo: 1492853942.107071 21.002240 0.997640 1605.412928

IInfo: 1492853963.085770 22.005760 0.999100 1072.028921

IInfo: 1492853984.078195 23.009280 0.999480 781.736879

