IInfo: 1492855968.669083 0.000000 0.099100 115132.508057

IInfo: 1492855996.845679 1.000960 0.504320 74846.618774

IInfo: 1492856023.671970 2.000640 0.603140 60070.514893

IInfo: 1492856050.546759 3.000320 0.669020 51444.818359

IInfo: 1492856077.413932 4.000000 0.698560 45209.848633

IInfo: 1492856104.325553 5.000960 0.727240 39721.554321

IInfo: 1492856131.199618 6.000640 0.776820 34606.816406

IInfo: 1492856158.113360 7.000320 0.800440 31019.135406

IInfo: 1492856184.970293 8.000000 0.815800 28225.557770

IInfo: 1492856211.880039 9.000960 0.837620 25563.969513

IInfo: 1492856238.789767 10.000640 0.856920 23092.839905

IInfo: 1492856265.640470 11.000320 0.854200 22350.183105

IInfo: 1492856292.507924 12.000000 0.876640 19079.069336

IInfo: 1492856319.419489 13.000960 0.883620 18321.121674

IInfo: 1492856346.288941 14.000640 0.899440 15699.664932

IInfo: 1492856373.147937 15.000320 0.911360 13887.167084

IInfo: 1492856400.026290 16.000000 0.911920 13707.118637

IInfo: 1492856426.907351 17.000960 0.936580 11020.931366

IInfo: 1492856453.786889 18.000640 0.947720 8948.047707

IInfo: 1492856480.681906 19.000320 0.943500 8978.900291

IInfo: 1492856507.561138 20.000000 0.960080 7164.531891

IInfo: 1492856534.462500 21.000960 0.943900 8333.799553

IInfo: 1492856561.318392 22.000640 0.962140 6091.304443

IInfo: 1492856588.150894 23.000320 0.966120 5412.046638

IInfo: 1492856614.995781 24.000000 0.948620 7654.438156

IInfo: 1492856641.895718 25.000960 0.973440 4287.767302

IInfo: 1492856668.774892 26.000640 0.979300 3492.400671

IInfo: 1492856695.639464 27.000320 0.982000 2788.571938

IInfo: 1492856722.488919 28.000000 0.982380 2794.789467

IInfo: 1492856749.375201 29.000960 0.989540 2008.520937

IInfo: 1492856776.194171 30.000640 0.984840 2552.874491

IInfo: 1492856803.064145 31.000320 0.991340 1520.190589

IInfo: 1492856829.944678 32.000000 0.980260 2859.712978

IInfo: 1492856856.816490 33.000960 0.987260 2069.230700

IInfo: 1492856883.685354 34.000640 0.992380 1307.441703

IInfo: 1492856910.531804 35.000320 0.993000 1198.904054

IInfo: 1492856937.356827 36.000000 0.993180 1191.848308

IInfo: 1492856964.227380 37.000960 0.985360 2330.542703

IInfo: 1492856991.087876 38.000640 0.992800 1140.508896

IInfo: 1492857017.946773 39.000320 0.995540 731.437895

IInfo: 1492857044.811182 40.000000 0.996800 573.788269

