IInfo: 1492806699.120574 0.000000 0.099100 115132.507324

IInfo: 1492806720.858545 1.003520 0.418560 79677.036987

IInfo: 1492806742.064564 2.001920 0.521660 67039.083374

IInfo: 1492806763.287904 3.000320 0.590960 57646.590332

IInfo: 1492806784.614412 4.003840 0.612480 53718.931946

IInfo: 1492806805.847199 5.002240 0.646300 50081.611267

IInfo: 1492806827.112373 6.000640 0.653680 48783.723267

IInfo: 1492806848.491506 7.004160 0.734360 37388.302002

IInfo: 1492806869.761252 8.002560 0.780220 31668.855072

IInfo: 1492806891.012415 9.000960 0.751180 34819.584290

IInfo: 1492806912.398384 10.004480 0.798480 28203.424866

IInfo: 1492806933.678183 11.002880 0.825420 24633.203522

IInfo: 1492806954.939735 12.001280 0.818980 25056.115356

IInfo: 1492806976.344453 13.004800 0.844400 22234.206482

IInfo: 1492806997.631909 14.003200 0.819480 27034.750702

IInfo: 1492807018.903845 15.001600 0.896100 14566.635132

IInfo: 1492807040.160107 16.000000 0.865240 18456.105545

IInfo: 1492807061.557581 17.003520 0.939240 8613.929661

IInfo: 1492807082.938268 18.001920 0.946860 8202.037487

IInfo: 1492807104.222856 19.000320 0.970360 4730.633682

IInfo: 1492807125.646135 20.003840 0.975700 3874.052929

IInfo: 1492807146.917009 21.002240 0.986080 2562.052199

IInfo: 1492807168.187431 22.000640 0.985140 2663.154830

IInfo: 1492807189.617787 23.004160 0.995140 1127.142625

IInfo: 1492807210.870204 24.002560 0.997260 667.486424

IInfo: 1492807232.208034 25.000960 0.998940 383.705235

